0,49.2443,40.4969,25.0799,20.5183,31.3847,34.9285,10.7703,38.1838,7.81025,31.7805,13.8924,8.94427,44.0454,60.7289,46.0109,22.1359,12.8062,7.07107,14.7648,129.541,138.062,137.753,106.471,119.921,121.248,119.67,118.068,100.846,101.912,113.952,100,98.8585,89.3085,82.4621,132.401,144.589,165.759,129.283,128.222,142.172,148.223,156.013,155.052,141.993,139.032,129.53,127.801,124.908,106.527,96.9381,123.045,125.252,115.603,118.068,132.412,143.45,129.808,140.929,136.488,147.085,115.421,106.508,112.712,74.2496,86.5563,132.966,107.615,113.172,106.832,84.1724,131.883,132.608,134.97,135.204,109.202,106.019,94.0479,99.6243,109.293,96.0469,129.321,136.62,142.899,145.774,156.978,141.032,117.686,129.449,104.403,148.661,141.767,142.948,135.37,138.293,138.033,140.584,144.499,140.121,147.411
49.2443,0,79.0253,26.4197,34.2345,40.2492,46.1411,44.0114,84.0773,46.2385,77.026,40.2492,40.6079,9.84886,12.2066,28.6007,42.2019,38.1182,53.3385,60.0083,84.8646,92.3147,90.4268,60.3075,72.4017,77.9872,80.2621,76.844,55.8659,67.3573,78.5493,70.0357,58.6686,46.8722,44.0114,104.139,103.812,124.808,81.8352,85.0412,96.5401,105.646,112.45,114.621,107.019,107.205,99.2018,95.5092,98.8585,66.3702,59.6154,85.8662,83.6002,70.0928,71.0282,85.8021,99.7246,87.4586,100.688,98.8838,108.227,83.2406,77.9295,89.0898,42.19,55.5788,84.5281,63.7809,75.1332,71.5122,48.7647,86.4523,87.7268,89.3756,89.0225,67.424,63.6003,51.8652,57.4282,65.1153,55.9464,95.2733,100.18,105.589,105.948,118.191,98.7168,83.2166,90.5539,74.3303,108.467,101.02,103.175,94.8683,97.4166,98.1835,99.2018,104.043,100.404,106.607
40.4969,79.0253,0,53.0754,59.9416,71.8679,75.2861,51.264,17.0294,37.2156,53.1601,40.4599,47.4131,70.4557,91.214,84.9058,62.6259,51.8845,43.9318,25.9615,163.686,171.327,169.257,139.313,151.238,156.311,156.63,154.208,134.618,140.207,152.201,139.284,135.207,124.451,119.097,172.308,181.157,202.356,160.655,163.38,175.548,183.853,191.05,191.846,180.649,178.398,169.098,166.976,165.027,143.01,134.317,160.86,161.245,149.037,150,164.806,178.331,165.463,177.722,174.29,184.505,154.486,146.123,152.971,112.414,125.363,162.604,142.215,150.572,145,121.824,165.424,166.604,168.372,168.048,144.972,141.421,129.402,135.059,143.684,132.382,168.107,174.806,180.854,182.784,194.489,176.777,156.237,166.712,143.736,185.526,178.331,179.961,172.003,174.771,174.977,176.828,181.218,177.138,183.984
25.0799,26.4197,53.0754,0,20.2485,33.6155,39.8121,24.1868,57.6975,20.3961,56.0446,13.9284,18.0278,19.4165,38.5876,36.4966,29.2062,18.0278,30.8058,33.8378,110.635,118.406,116.812,86.4002,98.7927,103.247,104.019,101.316,81.5659,88.6848,100.499,89.1572,82.4621,71.4493,66.6108,123.13,128.316,149.482,108.227,110.318,122.613,130.817,137.975,139.054,129.139,127.91,119.101,116.276,116.692,90.2718,82.0975,108.724,108.301,96.0469,97.3499,112.071,125.256,112.45,124.964,122.066,132.004,103.755,96.566,105.513,61.2699,74.7329,110.91,89.1403,98.2293,93.2952,69.9714,112.446,113.569,115.421,115.209,92.0217,88.4138,76.4199,82.0731,90.6091,79.6492,116.846,122.874,128.705,130.096,142.004,123.762,104.809,114.202,93.6216,132.774,125.495,127.283,119.206,121.918,122.287,123.907,128.425,124.471,131.137
20.5183,34.2345,59.9416,20.2485,0,14.1421,19.9249,11.1803,58.6941,22.8473,43.0465,22.0907,12.53,32.6956,44.1022,25.4951,9.21954,8.06226,21.4709,35,109.772,118.533,118.849,87.3212,101.242,101.242,99.2472,97.8008,81.3941,81.3941,93.4345,79.6304,78.6003,69.4622,62.2013,112.379,124.197,145.344,110.494,108.167,122.589,128.004,135.915,134.618,121.511,118.714,109.293,107.415,105.095,86.2148,76.4853,102.533,105,96.1509,99.1615,113.217,123.422,109.622,120.507,115.974,126.59,95,86.2844,93.1075,53.7401,66.0681,114.843,87.818,92.6984,86.3134,63.7024,112.294,112.872,115.412,115.832,89.0505,85.9826,74.0945,79.6116,89.5545,75.8024,108.853,116.103,122.381,125.32,136.473,120.801,97.1854,108.977,84.0536,128.222,121.38,122.495,114.978,117.924,117.593,120.254,124.085,119.67,127.016
31.3847,40.2492,71.8679,33.6155,14.1421,0,6.40312,20.6155,68.2422,35.6931,44.0114,36,25.318,41.8688,47.2969,19.6469,9.43398,21.095,29.4109,46.0977,105.309,114.586,116.211,84.6463,99.2472,96.1769,92.358,91.7878,78.1601,73.2462,85.1469,70.0357,72.8972,65.4599,56.8595,101.514,117.324,138.221,108.171,102.859,118.474,121.939,130.25,127.413,112.432,108.706,99.0202,97.7446,93.8136,80.1311,69.6419,94.6414,98.9798,92.6553,96.7729,110.064,118.072,103.832,113.464,107.935,118.849,85.5862,76.0592,81.4923,46.6476,57.4891,113.6,83.5703,85.4459,78.2432,56.9386,108.268,108.462,111.427,112.272,83.6301,81.0247,69.6419,74.8465,85.44,70.214,99.7046,107.629,114.11,118.004,128.55,114.739,88.459,101.607,74.3303,121.017,114.547,115.209,108.167,111.221,110.436,113.741,117.068,112.414,120.104
34.9285,46.1411,75.2861,39.8121,19.9249,6.40312,0,24.3311,70.3278,40.1123,42.5441,41.1947,30,48.1664,52.4976,23,13.0384,26.0768,31.7805,49.3356,107.224,116.692,118.878,87.4757,102.259,97.8621,93.1504,93.0376,80.8084,73.4983,85.2115,69.4262,74.4648,67.9117,58.8218,99.8098,117.992,138.679,111.005,104.389,120.487,123.004,131.484,127.863,111.866,107.564,97.7446,96.8762,91.8368,81.4371,70.6612,94.8683,100.18,95.0789,99.6393,112.539,119.507,105.119,114.057,108.005,119.038,84.9588,74.9667,79.3221,47.927,57.6888,116.842,85.7263,86.093,78.492,58.1808,110.368,110.386,113.53,114.56,85.235,82.8734,71.8401,76.844,87.6413,71.8679,99.1564,107.448,114.018,118.431,128.6,115.836,88.2383,102.083,73.5935,121.491,115.248,115.663,108.908,112.004,110.982,114.612,117.661,112.898,120.739
10.7703,44.0114,51.264,24.1868,11.1803,20.6155,24.3311,0,48.2701,16.0312,33.1361,18.7883,7.2111,40.7922,54.5894,36.1248,11.4018,6.32456,10.2956,25.4951,120.934,129.711,130,98.4886,112.361,112.361,110.114,108.812,92.5743,91.9239,103.947,89.6437,89.627,80.6226,73.2393,121.795,135.093,156.205,121.631,119.269,133.765,139.032,146.997,145.454,131.795,128.6,119.038,117.444,114.237,97.2008,87.3212,113.172,116.017,107.331,110.309,124.391,134.529,120.673,131.366,126.59,137.295,105.119,96.0208,102,64.4438,76.4199,125.873,98.9798,103.479,96.8762,74.5185,123.471,124.036,126.59,127.012,100.125,97.0979,85.235,90.7359,100.722,86.8389,119.097,126.59,132.936,136.125,147.139,131.826,107.564,119.754,94.0213,139.054,132.28,133.304,125.877,128.845,128.425,131.21,134.952,130.484,137.906
38.1838,84.0773,17.0294,57.6975,58.6941,68.2422,70.3278,48.2701,0,38.2753,40.05,43.8292,46.7547,76.6942,96.1769,84.1724,58.8218,50.9313,38.833,24.4131,167.048,175.285,174.27,143.422,156.285,159.013,157.813,156.083,138.13,140.071,152.109,137.906,136.883,127.004,120.507,169.753,182.702,203.887,165.711,166.027,179.446,186.172,193.83,193.197,180.056,176.816,167.2,165.702,161.988,144.589,135.104,161.227,163.248,152.82,154.693,169.284,181.207,167.738,179.067,174.668,185.267,153.388,144.201,149.566,112.432,124.652,168.6,145.207,151.347,145,122.348,169.189,170.074,172.235,172.261,147.122,143.84,131.822,137.437,146.823,134.063,167.362,174.771,181.069,183.935,195.161,178.997,155.795,167.622,142.274,186.81,179.878,181.108,173.485,176.389,176.185,178.645,182.631,178.281,185.526
7.81025,46.2385,37.2156,20.3961,22.8473,35.6931,40.1123,16.0312,38.2753,0,38.9487,7.07107,10.4403,39.8121,58.1808,47.7074,27.074,14.8661,14.8661,13.8924,128.81,137.011,136.077,105.152,118.119,120.88,120.216,118.191,99.8649,103.233,115.256,102.083,99.0353,88.8651,82.7345,135.118,144.972,166.184,127.534,127.914,141.174,148.165,155.708,155.563,143.6,141.198,131.883,129.8,127.91,106.794,97.6729,124.085,125.32,114.547,116.469,131.027,143.056,129.727,141.421,137.535,147.922,117.324,108.908,115.953,75.4321,88.2326,130.679,107.005,113.952,108.074,85.0412,130.92,131.826,133.963,133.989,109.124,105.759,93.723,99.3579,108.6,96.2081,131.015,137.906,144.045,146.386,157.877,141.014,119.202,130.177,106.532,149.201,142.144,143.558,135.772,138.622,138.6,140.801,144.959,140.73,147.801
31.7805,77.026,53.1601,56.0446,43.0465,44.0114,42.5441,33.1361,40.05,38.9487,0,45.618,38.0789,73.8241,87.1436,63.5689,36.8782,39.3192,25.2982,34.0588,149.308,158.597,160.056,128.445,142.874,140.118,135.695,135.506,122.066,115.966,127.581,111.4,116.778,109.444,100.846,140.014,160.524,181.157,151.921,146.741,162.484,165.529,173.971,170.344,153.675,148.661,138.708,138.409,131.59,123.879,113.177,137.295,142.667,136.624,140.52,154.003,161.914,147.58,156.579,150.336,161.419,126.823,116.387,118.87,90.3383,100.17,156.952,127.581,128.631,120.95,100.623,152.279,152.463,155.438,156.263,127.534,125.004,113.653,118.849,129.449,114.127,141.032,149.616,156.237,160.91,170.892,158.354,130.43,144.586,115.421,163.982,157.785,158.152,151.45,154.548,153.496,157.156,160.181,155.396,163.267
13.8924,40.2492,40.4599,13.9284,22.0907,36,41.1947,18.7883,43.8292,7.07107,45.618,0,11.7047,33.2415,52.3546,45.1885,28.4429,15.1327,20.8087,19.9249,123.847,131.826,130.511,99.8649,112.508,116.181,116.181,113.846,94.8103,99.8649,111.83,99.363,94.7945,84.22,78.6448,132.85,140.759,161.966,121.939,123.24,136.015,143.628,150.987,151.427,140.346,138.423,129.294,126.909,125.925,102.591,93.8616,120.42,120.917,109.403,110.982,125.642,138.293,125.208,137.295,133.843,144.045,114.39,106.438,114.232,72.111,85.235,124.776,102.176,110.114,104.623,81.4002,125.801,126.823,128.81,128.705,104.661,101.178,89.1403,94.7945,103.711,91.9674,127.863,134.402,140.417,142.341,154.029,136.517,115.935,126.254,103.832,145.097,137.931,139.517,131.59,134.38,134.536,136.473,140.801,136.693,143.586
8.94427,40.6079,47.4131,18.0278,12.53,25.318,30,7.2111,46.7547,10.4403,38.0789,11.7047,0,36.0555,51.923,37.8021,17.0294,4.47214,13.0384,22.6716,120.652,129.139,128.81,97.5295,110.982,112.414,111.072,109.343,91.9239,93.6056,105.646,92.0869,90.1388,80.4487,73.7564,124.908,135.949,157.137,120.341,119.403,133.255,139.463,147.201,146.455,133.843,131.187,121.795,119.854,117.618,97.8366,88.3912,114.63,116.516,106.677,109.124,123.471,134.618,121.037,132.322,128.082,138.6,107.415,98.7927,105.603,65.8559,78.4092,124.064,98.737,104.652,98.4937,75.6637,122.967,123.713,126.052,126.27,100.424,97.2008,85.2115,90.802,100.404,87.3212,121.211,128.316,134.536,137.208,148.519,132.28,109.481,120.917,96.5194,140.071,133.124,134.38,126.732,129.634,129.449,131.894,135.882,131.552,138.773
44.0454,9.84886,70.4557,19.4165,32.6956,41.8688,48.1664,40.7922,76.6942,39.8121,73.8241,33.2415,36.0555,0,21.2603,34.5398,41.5933,34.5254,49.0918,53.1601,94.0691,101.237,98.813,69.3109,80.8022,87.4586,90.05,86.5332,65.192,77.1622,88.3912,79.6241,68.4763,56.6039,53.8516,113.78,113.464,134.402,90.2109,94.4934,105.475,115.109,121.754,124.278,116.867,117.004,108.931,105.304,108.342,76.1577,69.4622,95.7079,93.2309,79.196,79.6492,94.4934,109.041,97.0052,110.386,108.706,117.992,93.0054,87.4757,98.326,51.6236,65.1153,92.2822,73.2462,84.9706,81.3449,58.5235,95.483,96.8762,98.3514,97.8366,77.1038,73.2393,61.5873,67.1193,74.5185,65.7647,105.109,110.023,115.412,115.663,127.945,108.231,93.0484,100.344,83.9524,118.152,110.68,112.898,104.561,107.075,107.912,108.812,113.719,110.136,116.25
60.7289,12.2066,91.214,38.5876,44.1022,47.2969,52.4976,54.5894,96.1769,58.1808,87.1436,52.3546,51.923,21.2603,0,31.3847,51.0882,49.0306,64.3273,72.0139,72.8354,80.1561,78.2304,48.1664,60.208,66.2193,69.3181,65.5134,43.9318,58.0517,68.6804,62.0322,47.927,35.7771,34.5254,95.6347,92.358,113.225,69.6419,73.2462,84.386,93.8616,100.499,103.175,96.7988,97.7446,90.2552,86.122,91.0494,55.4617,49.7293,75.3923,72.111,58,58.8218,73.6003,87.7838,75.8024,89.3588,88.1419,97.1288,74.1485,70.0286,82.2192,35.5106,48.0416,72.4983,52.0096,64.622,61.8466,40.1123,74.3303,75.6637,77.2334,76.8375,56.0803,52.1536,40.7063,46.1411,53.2635,45.31,85.44,89.6939,94.8472,94.6678,107.042,87.0057,73.4983,79.6053,66.1211,97.0979,89.5879,91.9239,83.5284,85.9826,86.954,87.6584,92.6499,89.1852,95.1315
46.0109,28.6007,84.9058,36.4966,25.4951,19.6469,23,36.1248,84.1724,47.7074,63.5689,45.1885,37.8021,34.5398,31.3847,0,27.2947,33.4215,46.2277,60.4401,85.9069,95.0789,96.566,65,79.6241,76.9415,74.027,72.9452,58.5235,55.9017,67.9412,54.3783,53.8516,45.8803,37.5899,87.6641,99.0202,120.104,88.5268,83.7257,99.0051,103.175,111.306,109.343,96.0469,93.4933,84.22,82.0975,80.7775,61.2944,51.225,77.0779,80.1561,73.0548,77.1298,90.4434,98.9798,84.9058,95.268,90.5097,101.178,69.6348,61.2944,69.2604,28.3196,40.6079,94.0479,64.0781,67.3573,60.8276,38.4187,88.7694,89.0505,91.9239,92.6984,64.4981,61.7171,50.1597,55.4617,65.9242,51.1077,83.4086,90.6091,96.8969,100.005,111.036,95.9635,71.7008,83.6301,58.8303,102.942,96.2133,97.1854,89.8109,92.8009,92.3147,95.2103,98.8585,94.3663,101.828
22.1359,42.2019,62.6259,29.2062,9.21954,9.43398,13.0384,11.4018,58.8218,27.074,36.8782,28.4429,17.0294,41.5933,51.0882,27.2947,0,13.3417,20,36.7696,113.159,122.25,123.329,91.7061,106.042,104.235,101.02,100.17,85.44,82.2192,94.1754,79.3095,81.1234,73.0068,64.8845,110.941,126.016,147.003,115.135,111.018,126.21,130.384,138.571,136.209,121.655,118.068,108.407,107.056,103.247,88.5099,78.2368,103.586,107.378,100.09,103.74,117.393,126.27,112.161,122.201,116.932,127.781,94.8472,85.4283,90.9175,55.2178,66.5282,120.075,91.2853,94.2019,87.2067,65.4599,115.953,116.297,119.101,119.775,91.7878,89.0056,77.3886,82.7345,93.1075,78.3901,108.931,116.726,123.167,126.823,137.535,123.175,97.591,110.422,83.6301,129.808,123.223,124.016,116.829,119.854,119.202,122.319,125.801,121.211,128.81
12.8062,38.1182,51.8845,18.0278,8.06226,21.095,26.0768,6.32456,50.9313,14.8661,39.3192,15.1327,4.47214,34.5254,49.0306,33.4215,13.3417,0,15.2971,27.0185,116.812,125.399,125.3,93.9149,107.541,108.467,106.888,105.262,88.193,89.2749,101.316,87.6584,86.0523,76.5506,69.6563,120.441,131.795,152.971,116.867,115.434,129.495,135.418,143.22,142.271,129.468,126.752,117.346,115.434,113.146,93.723,84.1724,110.345,112.446,102.956,105.603,119.854,130.668,117.004,128.144,123.794,134.35,103.005,94.3398,101.134,61.5549,74.027,120.814,94.8736,100.419,94.1754,71.4213,119.202,119.887,122.299,122.589,96.4002,93.2309,81.2712,86.8389,96.566,83.2406,116.825,123.988,130.231,133.004,144.257,128.226,105.119,116.692,92.0869,135.882,128.973,130.177,122.577,125.495,125.256,127.781,131.712,127.35,134.618
7.07107,53.3385,43.9318,30.8058,21.4709,29.4109,31.7805,10.2956,38.833,14.8661,25.2982,20.8087,13.0384,49.0918,64.3273,46.2277,20,15.2971,0,18.1108,131.229,140.004,140.236,108.747,122.56,122.642,120.254,119.038,102.859,101.863,113.864,99.2472,99.8649,90.9175,83.4865,130.92,145.245,166.331,131.848,129.541,144.059,149.265,157.258,155.567,141.534,138.058,128.406,127.016,123.175,107.415,97.4526,123.167,126.246,117.618,120.54,134.659,144.803,130.92,141.496,136.561,147.323,114.769,105.423,110.788,74.5185,86.267,135.978,109.275,113.569,106.832,84.6463,133.765,134.332,136.883,137.295,110.386,107.378,95.5249,101.02,111.018,97.0824,128.818,136.473,142.864,146.219,157.137,142.056,117.388,129.835,103.586,149.164,142.436,143.402,136.033,139.014,138.539,141.4,145.086,140.584,148.054
14.7648,60.0083,25.9615,33.8378,35,46.0977,49.3356,25.4951,24.4131,13.8924,34.0588,19.9249,22.6716,53.1601,72.0139,60.4401,36.7696,27.0185,18.1108,0,142.636,150.881,149.967,119.038,132.004,134.629,133.66,131.795,113.719,116.276,128.316,114.621,112.61,102.616,96.2601,147.146,158.493,179.694,141.421,141.651,155.039,161.839,169.452,169.035,156.486,153.688,144.222,142.411,139.671,120.341,111.018,137.295,138.946,128.413,130.361,144.917,156.818,143.402,154.897,150.748,161.245,130,121.202,127.475,88.5268,101.045,144.506,120.801,127.287,121.165,98.3107,144.779,145.661,147.828,147.872,122.788,119.474,107.448,113.071,122.413,109.786,143.84,150.987,157.207,159.812,171.172,154.674,132.136,143.544,119.038,162.659,155.666,156.984,149.282,152.161,152.043,154.383,158.449,154.156,161.32
129.541,84.8646,163.686,110.635,109.772,105.309,107.224,120.934,167.048,128.81,149.308,123.847,120.652,94.0691,72.8354,85.9069,113.159,116.812,131.229,142.636,0,10,18.0278,25,20,10,22.3607,17.4642,29.0689,40.3113,34.9285,50.01,32.9848,40.3113,48.4665,58.7282,25,42.72,17,7.07107,13.3417,22.4722,27.8029,34.5254,42.9535,51.3128,51.6236,45.2548,61.8466,27.074,38.2099,29.2062,13.6015,15,18.2483,11.3137,15.2643,10.8167,24.3311,31.305,33.2415,43.4166,52.2015,64.4127,59.4811,53.1507,26.6271,21.9545,28.1603,36.8782,49.4773,4.47214,3.16228,7.07107,9.84886,22.3607,24.3516,35.7771,30.4631,20.2485,35.4401,40.3609,35.3553,35.7351,29.0689,41.0488,17.1172,37.2156,24.2074,49.0408,30.0167,23.0868,27.2947,20.2485,20.3961,24.0416,20.025,26.0192,25.7099,27.074
138.062,92.3147,171.327,118.406,118.533,114.586,116.692,129.711,175.285,137.011,158.597,131.826,129.139,101.237,80.1561,95.0789,122.25,125.399,140.004,150.881,10,0,11.1803,32.0156,22.3607,20,31.6228,27.2947,37.2156,50.2494,44.2719,59.8415,42.7551,49.2443,57.8705,65.9469,26.9258,40.3113,15.1327,15.8114,4.24264,21.095,23.0868,34.2345,48.0104,57.3847,59.0339,52.8015,69.8928,37.054,48.1664,37.5899,22.4722,22.4722,22.2036,8.24621,13.1529,18.3576,27.7849,36.8782,35.8469,52.3927,61.6847,73.4098,69.1231,63.1269,22.561,31.0161,37.855,46.6905,59.2284,6.32456,7.07107,3.16228,4.12311,32.249,33.9559,44.9444,39.8497,29.1548,45.1221,47.634,41.1096,39.9625,31.3847,41.7732,18.7883,46.0977,31.4006,58.6941,31.3209,25.9422,30.4138,25.4951,24.4131,28.6007,22.8254,28.2312,29.6816,28.1603
137.753,90.4268,169.257,116.812,118.849,116.211,118.878,130,174.27,136.077,160.056,130.511,128.81,98.813,78.2304,96.566,123.329,125.3,140.236,149.967,18.0278,11.1803,0,31.6228,18.0278,26.9258,40.3113,34.9285,38.0789,57.0088,52.7731,67.0522,47.0425,50.9902,60.531,76.3806,38.0789,50,8.60233,25,13.1529,31.7805,32.0624,44.911,59.0762,68.2495,69.3542,63.0317,79.8123,42.7551,53.3385,47.2017,31.6228,24.0832,19.6977,7.28011,24.0416,28.3196,38.9487,47.8017,47.0106,61.4003,69.857,82.365,72.3395,68.2642,12,34.0147,45.6946,54.0833,63.0317,13.6015,16.2788,12.0416,8.48528,37.4833,38.0526,47.3814,43.0465,32.0156,49,58,52.0096,51.1077,42.5441,52.6308,29.9666,55.2268,41.7253,66.4831,42.3792,37.1214,41.5933,36.4005,35.5106,39.6611,34,39.3954,40.8167,39.2173
106.471,60.3075,139.313,86.4002,87.3212,84.6463,87.4757,98.4886,143.422,105.152,128.445,99.8649,97.5295,69.3109,48.1664,65,91.7061,93.9149,108.747,119.038,25,32.0156,31.6228,0,15,20.6155,30.4138,24.0832,7.07107,35.3553,38.0132,45.3431,20.8087,20,30.0666,67.7791,47.4342,67.082,23.5372,26.9258,36.2353,47.0106,52.8015,57.9396,59.0762,64.3273,60.7454,54.7083,67.6018,21.6333,28.0179,38.833,28.2843,10,12.1655,25.9422,40.2244,30.3645,45.3542,48.0104,54.1295,47.0106,50.9902,65.2993,42.107,41.2311,30.0666,9.84886,30.4631,35,33.9559,26.1725,27.6586,29.0689,28.8444,17.4642,14.4222,17.4642,15.2643,9.21954,21.4709,51.4198,51.0392,54.1479,50.6952,63.3246,40.7185,42.5441,39,46.6905,52.4976,44.9222,48.2701,39.8121,41.4849,43.7379,42.3792,48.0833,45.8912,49.98
119.921,72.4017,151.238,98.7927,101.242,99.2472,102.259,112.361,156.285,118.119,142.874,112.508,110.982,80.8022,60.208,79.6241,106.042,107.541,122.56,132.004,20,22.3607,18.0278,15,0,22.3607,36.0555,29.4109,22.0227,47.1699,46.6905,57.4543,34.176,35,45.0444,74.6257,45,61.8466,9.43398,25.4951,26.4197,41.7732,45.31,54.3323,61.6847,68.942,67.4166,61.0574,76.0592,32.45,41.2311,44.4185,30.0832,12.0416,3.60555,14.4222,33.9559,29.6142,44.1814,50,53.1507,55.9017,62.0081,75.8222,57.0789,55.3624,15.1327,21.0238,38.8973,45.607,48.6621,18.4391,21.2132,20.2485,18.3576,27.2029,25.9422,32.249,29.1204,19.2354,35.4401,56.8243,53.7587,55.109,49.0408,61.0328,37.054,50.448,41.7852,58.0086,50.01,43.0465,47.1699,39.6232,40.1995,43.566,40.0125,46.0109,45.3982,47.0425
121.248,77.9872,156.311,103.247,101.242,96.1769,97.8621,112.361,159.013,120.88,140.118,116.181,112.414,87.4586,66.2193,76.9415,104.235,108.467,122.642,134.629,10,20,26.9258,20.6155,22.3607,0,14.1421,8.06226,22.4722,30.4138,26.0768,40.2616,23.4094,32.0156,39.3573,52.4309,26.9258,47.1699,23.4307,7.07107,23.1948,27.6586,34.8281,37.5766,39.8121,46.6154,45.2217,38.833,54.4518,17.1172,28.2843,22.2036,8.06226,12.0416,19.3132,19.6977,22.2036,9.84886,24.7386,28.2843,33.541,35,42.9535,55.7584,49.98,43.1856,33.3017,14.2127,18.7883,27.2029,39.8497,14.1421,13.0384,17.0294,19.4165,12.6491,15.2643,27.2029,21.6333,13.0384,26,34.4819,31.7805,34.0147,30.0832,42.72,20.8087,29.0689,19.6469,39.5601,31.9531,24.3516,27.6586,19.2354,20.8806,23.1948,21.9317,27.5136,25.318,29.5466
119.67,80.2621,156.63,104.019,99.2472,92.358,93.1504,110.114,157.813,120.216,135.695,116.181,111.072,90.05,69.3181,74.027,101.02,106.888,120.254,133.66,22.3607,31.6228,40.3113,30.4138,36.0555,14.1421,0,6.7082,29.0689,20.6155,12.6491,29,21.6333,33.541,37.5366,38.5876,25,46.0977,37.5366,15.8114,33.7343,30.0832,38.8973,35.3836,29.0689,33.9559,31.3847,25.0599,40.3113,13.8924,22.8035,8.544,9.21954,24.5967,32.7567,33.2866,28.1603,14.0357,21.2603,18.9737,28.0179,21.095,30.0832,42.0595,45.8039,35.8469,47.4236,21.0238,7.28011,16.1245,35.609,26.8328,24.6982,29.1548,32.2025,14.1421,18.2483,28.6356,23.4094,21.2132,24.4131,21.1896,21.2132,25.632,26.1725,38.0132,23.0868,15,10.2956,27.2947,29,22.2036,23.3452,15.8114,18.868,18.3848,21.4709,24.8395,20.5183,27.8029
118.068,76.844,154.208,101.316,97.8008,91.7878,93.0376,108.812,156.083,118.191,135.506,113.846,109.343,86.5332,65.5134,72.9452,100.17,105.262,119.038,131.795,17.4642,27.2947,34.9285,24.0832,29.4109,8.06226,6.7082,0,23.5372,23.0217,18.0278,32.5576,19.2094,30,35.609,45.2769,27.0185,48.1664,31.4006,12.0416,30.0167,30.2324,38.4708,37.8021,35.0143,40.5216,38.0789,31.7648,46.7547,11.6619,22.4722,15.2315,7.2111,17.8885,26.0768,27.7308,26.5707,12.083,23.8537,24.1868,31.7805,27.0185,34.9285,47.7074,45.1774,36.8782,41.2311,15.1327,10.7703,19.4165,34.8855,21.8403,20.2237,24.5153,27.2029,9.43398,13.4164,25,19.4165,15,22.0227,27.8568,27,30.5941,29.1548,41.5933,23.0217,21.2132,15.1327,31.6228,31.6228,24.2074,26.4197,18.0278,20.6155,21.4709,22.6274,27.2029,23.7065,29.8329
100.846,55.8659,134.618,81.5659,81.3941,78.1601,80.8084,92.5743,138.13,99.8649,122.066,94.8103,91.9239,65.192,43.9318,58.5235,85.44,88.193,102.859,113.719,29.0689,37.2156,38.0789,7.07107,22.0227,22.4722,29.0689,23.5372,0,30,34.4819,39.6232,14.8661,13.0384,23.0217,64.56,49.1935,69.6419,30.2655,29.4109,41.3401,50,56.5862,59.9416,58.1378,62.2896,57.7235,51.9711,63.561,17.72,21.9317,37.0135,29.1548,14.7648,19.0263,31.9531,43.8634,32.249,46.6154,47.676,55.0273,43.0813,45.8039,60.2163,35.0571,34.4384,37.1214,8.544,27.4591,30.4138,26.9258,31.0644,32.0156,34.1321,34.4384,15,11.0454,10.4403,9.21954,9.43398,15,49.2544,50.2494,54.1295,52,64.622,43.2666,39.2938,38.6394,41.4005,54.1295,46.5188,49.3964,40.8534,42.9535,44.5982,44.2945,49.6588,46.8188,51.8845
101.912,67.3573,140.207,88.6848,81.3941,73.2462,73.4983,91.9239,140.071,103.233,115.966,99.8649,93.6056,77.1622,58.0517,55.9017,82.2192,89.2749,101.863,116.276,40.3113,50.2494,57.0088,35.3553,47.1699,30.4138,20.6155,23.0217,30,0,12.0416,10.2956,15.2643,25.4951,23.5372,38,44.7214,65.192,52,35,53.0377,50.5964,59.4811,54.3783,40.4969,39.8497,32.249,28.1603,34.9285,14.7648,9.21954,21.4009,29.1548,35.3553,43.566,49.7293,48.6621,34.2345,40.7063,34.7131,45.607,16.1245,15.8114,30.2324,27.8029,15.8114,61.2699,26.4008,13.3417,5,18.7883,44.5533,43.1856,47.3814,49.8197,20.1246,21.4009,22.4722,20.8087,28.0179,16.1555,28.178,34.7131,41.0122,44.9444,55.3173,43.6807,16.1245,28.6531,11.4018,48.0208,42.0476,42.19,35.8469,39,37.5899,41.7852,44.2945,39.4462,47.4131
113.952,78.5493,152.201,100.499,93.4345,85.1469,85.2115,103.947,152.109,115.256,127.581,111.83,105.646,88.3912,68.6804,67.9412,94.1754,101.316,113.864,128.316,34.9285,44.2719,52.7731,38.0132,46.6905,26.0768,12.6491,18.0278,34.4819,12.0416,0,17.4642,22,34.1321,34.5398,30.0832,33.8378,53.7122,49.4065,28.4605,46.3249,40.6079,49.6488,42.9418,28.6531,29.2746,23.3452,18,29.6816,16.7631,18.9737,9.84886,21.8403,34.7131,43.1856,45.6508,40.0125,26.4764,29.7321,22.8035,33.8378,9.21954,17.4642,29.6816,39.8246,27.6586,59.203,28.178,7.81025,7.2111,30.5287,39.3954,37.3363,41.7852,44.7772,20.5913,23.7697,30,26.3059,29.1548,24.0832,16.7631,22.6716,29,33.541,43.4166,34.1321,5,17.72,15,36.6742,31.3209,30.8707,25.4951,28.6356,26.5707,31.5753,33.2415,28.2312,36.4005
100,70.0357,139.284,89.1572,79.6304,70.0357,69.4262,89.6437,137.906,102.083,111.4,99.363,92.0869,79.6241,62.0322,54.3783,79.3095,87.6584,99.2472,114.621,50.01,59.8415,67.0522,45.3431,57.4543,40.2616,29,32.5576,39.6232,10.2956,17.4642,0,24.7588,33.1059,28.2843,34.2053,51.2445,70.6824,62.2415,44.2832,62.3939,58.0517,67.082,60.0083,42.45,39.1152,29.9666,27.8029,29.0172,25.0599,17.8045,27.2029,38.0526,45.6508,53.8516,59.7746,57.0789,43.0116,47.1275,39.3573,50.5371,15.5563,8,21.5407,28.1603,14.5602,71.5542,36.6197,22.0907,13.1529,22.0227,54.3415,52.7731,57.0701,59.6657,30.4138,31.6228,31.0644,30.4138,38.2753,25,29.7321,38.2753,44.9444,50.6952,59.6825,51.4782,19.2354,35.171,4.47214,53.8516,48.7647,48.1041,42.9535,46.0977,43.9659,49.0306,50.5964,45.5412,53.7587
98.8585,58.6686,135.207,82.4621,78.6003,72.8972,74.4648,89.627,136.883,99.0353,116.778,94.7945,90.1388,68.4763,47.927,53.8516,81.1234,86.0523,99.8649,112.61,32.9848,42.7551,47.0425,20.8087,34.176,23.4094,21.6333,19.2094,14.8661,15.2643,22,24.7588,0,12.3693,16.4012,51.6236,45.9674,67.1789,40.6079,29.9666,46.3249,49.4065,57.4543,56.6392,49.0408,51.1566,45.1774,40,49.6488,7.81025,7.2111,27.5136,26.4008,23.3452,30.6757,40,45.1774,31.0644,42.5206,40.2492,49.6488,29.6142,31.0644,45.4863,26.5707,21.3776,49.0408,13.3417,16.7631,16.4924,16.4924,36.4966,36.1386,39.6232,41.1947,10.7703,9,8,5.65685,15.2971,2.82843,38.3275,41.7852,46.9574,47.634,59.6406,42.2019,27,31.9061,26.6271,50.3289,43.1393,44.8219,36.7967,39.598,39.8246,41.7732,46.0109,42.0119,48.7955
89.3085,46.8722,124.451,71.4493,69.4622,65.4599,67.9117,80.6226,127.004,88.8651,109.444,84.22,80.4487,56.6039,35.7771,45.8803,73.0068,76.5506,90.9175,102.616,40.3113,49.2443,50.9902,20,35,32.0156,33.541,30,13.0384,25.4951,34.1321,33.1059,12.3693,0,10.198,63.1981,57.0088,78.1025,43.2897,39.0512,53.2259,59.4138,66.8431,67.8012,61.4003,63.3877,57.0088,52.0865,60.4152,19.6977,16.2788,39.8497,36.8782,27.2029,32.0624,44.643,54.2033,41.0122,53.8238,52.3927,61.4003,41.1096,40.4969,54.626,22.2036,24.0832,50.04,18.3576,29.1204,28.0179,15.2643,42.9535,43.4166,46.0977,46.8188,20.6155,16.9706,5,10.6301,20.1246,10.0499,50.636,54.0833,59.0931,59.0762,71.3442,52.3259,39.1152,43.8292,36.0555,61.6117,54.2033,56.3028,48.0104,50.6063,51.3128,52.4976,57.2014,53.535,59.8164
82.4621,44.0114,119.097,66.6108,62.2013,56.8595,58.8218,73.2393,120.507,82.7345,100.846,78.6448,73.7564,53.8516,34.5254,37.5899,64.8845,69.6563,83.4865,96.2601,48.4665,57.8705,60.531,30.0666,45.0444,39.3573,37.5366,35.609,23.0217,23.5372,34.5398,28.2843,16.4012,10.198,0,61.2046,62.2415,83.4506,53.0848,46.1411,61.6847,65.8027,73.7835,72.8354,63.0714,63.3246,55.7315,51.6624,57.0789,24.0832,15.6525,42.19,42.8019,36.4966,42,53.9351,61.4003,47.4342,58.6941,55.4707,65.437,39.6232,36.2215,49.4773,12.0416,16.1245,60.1332,26.9258,31.6228,27.5136,6.7082,51.5461,51.6236,54.7083,55.7853,26.9258,24.1661,13.1529,18.0278,28.8617,13.6015,51.264,56.4358,62.1289,63.7024,75.4321,58.6003,39.2173,47.634,32.0624,66.4831,59.4138,60.8769,53.0377,55.9017,55.9017,58.1378,62.2254,58.0517,65.0692
132.401,104.139,172.308,123.13,112.379,101.514,99.8098,121.795,169.753,135.118,140.014,132.85,124.908,113.78,95.6347,87.6641,110.941,120.441,130.92,147.146,58.7282,65.9469,76.3806,67.7791,74.6257,52.4309,38.5876,45.2769,64.56,38,30.0832,34.2053,51.6236,63.1981,61.2046,0,43.8634,55.0818,75.2861,51.6624,66.4003,52.8015,60.7454,46.8722,22.3607,12,7.2111,13.6015,8.94427,46.8402,47.0425,30.2324,45.4533,63.1348,71.3442,70.0357,56.6039,48.0833,40.7063,30.0167,37.3631,22.0907,26.5707,21.4009,62.3618,48.7647,85.1469,57.9396,37.3363,35.2278,55.5788,62.9365,60.1082,64.3817,67.897,50.3289,53.7587,59.5399,56.2939,58.6941,53.3385,18.3848,25.9422,30.3645,40.4969,42.0476,49.3964,25.2982,34.6554,29.8329,43.0116,42.9418,39.3954,40.8044,42.72,38.5876,45.2769,42.5441,38.4708,44.9444
144.589,103.812,181.157,128.316,124.197,117.324,117.992,135.093,182.702,144.972,160.524,140.759,135.949,113.464,92.358,99.0202,126.016,131.795,145.245,158.493,25,26.9258,38.0789,47.4342,45,26.9258,25,27.0185,49.1935,44.7214,33.8378,51.2445,45.9674,57.0088,62.2415,43.8634,0,21.2132,40.7922,20.6155,25.5539,8.94427,17.2627,10.8167,22.8035,33.2866,37.9473,32.7567,50,38.1838,47.8017,24.0416,20.2485,38.0789,43.1045,33.9559,14.4222,17.088,4.12311,14.3178,8.94427,38.2099,49.4975,57.2189,70.8025,60.4152,49.3356,40.7063,31.9061,39.8121,60.6053,27.2947,24.1868,26.9258,30.3645,36.4005,40.2244,52.0096,46.4004,39.8121,48.7955,27.4591,18.0278,14.2127,4.47214,16.1245,8.24621,32.5576,16.1555,48.2701,5.09902,2.82843,4.47214,9.21954,6.40312,7.28011,5.09902,1.41421,6,2.82843
165.759,124.808,202.356,149.482,145.344,138.221,138.679,156.205,203.887,166.184,181.157,161.966,157.137,134.402,113.225,120.104,147.003,152.971,166.331,179.694,42.72,40.3113,50,67.082,61.8466,47.1699,46.0977,48.1664,69.6419,65.192,53.7122,70.6824,67.1789,78.1025,83.4506,55.0818,21.2132,0,55.4437,40.3113,37.054,20.2485,18.1108,10.8167,33.0151,43.1045,51.0882,47.676,63.0079,59.397,68.884,43.909,41.2311,57.2713,60.7289,48.5077,27.8927,37.4433,24.8395,31.3847,20.2485,56.3028,67.6757,72.6911,91.8314,80.9938,62,61.2944,52.8015,60.208,81.6884,43.4166,40.8044,41.7732,44.4072,57.4891,61.2209,73.1095,67.4759,60.208,70.0071,43.1741,33.2415,26.6833,20.2485,13.0384,26.4197,51.4782,36.6197,67.2309,17.2047,24.0416,23.0217,30.4138,27.5862,27.8029,25.6125,21.2603,25.807,18.3848
129.283,81.8352,160.655,108.227,110.494,108.171,111.005,121.631,165.711,127.534,151.921,121.939,120.341,90.2109,69.6419,88.5268,115.135,116.867,131.848,141.421,17,15.1327,8.60233,23.5372,9.43398,23.4307,37.5366,31.4006,30.2655,52,49.4065,62.2415,40.6079,43.2897,53.0848,75.2861,40.7922,55.4437,0,23.8537,18.6815,36,38.0789,49.0408,59.9333,68.2642,68.1175,61.7171,77.7946,37.3363,47.2969,45.2769,29.8329,17.2627,11.4018,7,28,27.7849,40.8044,48.3011,49.4773,58.4123,65.8635,79.0569,65.0308,61.9839,9.89949,27.2947,41.8808,49.6488,56.0803,13.6015,16.7631,14.0357,11.0454,31.9531,31.7805,40.0125,36.1248,25.318,42.2966,57.0088,52.3546,52.5547,45.1221,56.3205,32.5576,52.4976,41.0488,62.1772,45.5412,39.2938,43.6807,37.1618,37,40.8534,36.1386,41.9762,42.3792,42.4264
128.222,85.0412,163.38,110.318,108.167,102.859,104.389,119.269,166.027,127.914,146.741,123.24,119.403,94.4934,73.2462,83.7257,111.018,115.434,129.541,141.651,7.07107,15.8114,25,26.9258,25.4951,7.07107,15.8114,12.0416,29.4109,35,28.4605,44.2832,29.9666,39.0512,46.1411,51.6624,20.6155,40.3113,23.8537,0,18.1108,20.6155,27.8029,31.0161,36.4005,44.4185,44.5533,38.1838,54.8179,23.0868,34.2053,22.2036,6.7082,17.4642,23.0868,18.3848,15.2643,4.12311,19.0263,24.6982,28.0179,36.6742,45.8803,57.6975,56.4624,48.8365,33.6006,21.2603,22.2036,31.1448,46.2385,11.4018,8.94427,13.4164,16.6433,19.2354,22.2036,34.2053,28.6007,20,32.6497,33.3017,28.6356,29.6142,24.1868,36.6742,13.8924,30.4138,17.2047,42.9535,25.7099,18.2483,22.0227,14.1421,15.0333,18.1108,15.5242,21.3776,20.025,23.0868
142.172,96.5401,175.548,122.613,122.589,118.474,120.487,133.765,179.446,141.174,162.484,136.015,133.255,105.475,84.386,99.0051,126.21,129.495,144.059,155.039,13.3417,4.24264,13.1529,36.2353,26.4197,23.1948,33.7343,30.0167,41.3401,53.0377,46.3249,62.3939,46.3249,53.2259,61.6847,66.4003,25.5539,37.054,18.6815,18.1108,0,18.6815,19.4165,31.7805,47.5079,57.28,59.6406,53.535,70.8308,40.3113,51.4782,39,24.5153,26.6271,26.4008,12.083,11.1803,19.9249,27.0185,36.7967,34.4819,54.0833,63.7887,75.0267,72.8011,66.3702,25.0799,34.9285,40.3113,49.2544,62.8172,10.2956,10.198,7.2111,8.06226,35.6931,37.6431,48.8467,43.6578,33.1059,48.7647,48.2597,41.0366,39.2046,30.0167,39.5601,17.8045,47.7598,32.249,61,29.5466,25,29.4109,25.6125,24.0416,28.2843,22.0227,26.9258,29.0689,26.4008
148.223,105.646,183.853,130.817,128.004,121.939,123.004,139.032,186.172,148.165,165.529,143.628,139.463,115.109,93.8616,103.175,130.384,135.418,149.265,161.839,22.4722,21.095,31.7805,47.0106,41.7732,27.6586,30.0832,30.2324,50,50.5964,40.6079,58.0517,49.4065,59.4138,65.8027,52.8015,8.94427,20.2485,36,20.6155,18.6815,0,9.05539,13.1529,31.6228,42.19,46.8188,41.4849,58.8218,41.8808,52.3546,31.1448,23.0217,37.1214,40.5216,29,8,18.4391,12.3693,23.0868,16.9706,46,57.0789,65.6201,75.2928,65.9242,43.566,41.8688,37.3363,45.8803,65,23.3452,20.6155,22.0227,25.02,39.0512,42.45,54.4885,48.8365,40.6079,52.2015,36.1386,26.9258,23.0217,12.8062,20.8806,7.2111,40.05,23.0868,55.4437,11.4018,10.198,13.4164,15.1327,12.0416,15.1327,9.05539,10.2956,14.5602,8.48528
156.013,112.45,191.05,137.975,135.915,130.25,131.484,146.997,193.83,155.708,173.971,150.987,147.201,121.754,100.499,111.306,138.571,143.22,157.258,169.452,27.8029,23.0868,32.0624,52.8015,45.31,34.8281,38.8973,38.4708,56.5862,59.4811,49.6488,67.082,57.4543,66.8431,73.7835,60.7454,17.2627,18.1108,38.0789,27.8029,19.4165,9.05539,0,16.2788,38.9102,49.6588,55.0818,50.01,67.1863,50.1199,60.8358,40.1995,31.305,42.8019,44.7214,31.3209,12.7279,26.4197,21.095,31.5753,23.7065,55.0091,66.1211,74.4312,83.6481,74.6726,44.0454,48.8365,46.1736,54.8179,73.3553,27.2947,25.2389,25.0799,27.2029,46.8722,50,62.0081,56.4004,47.3814,60.208,44.7214,35.171,30.4631,20.2485,24.2074,15.8114,49.0918,32.1403,64.4981,17.8885,19.0263,21.587,24.1868,21.095,24.0208,18.1108,18.4391,23.1948,15.8114
155.052,114.621,191.846,139.054,134.618,127.413,127.863,145.454,193.197,155.563,170.344,151.427,146.455,124.278,103.175,109.343,136.209,142.271,155.567,169.035,34.5254,34.2345,44.911,57.9396,54.3323,37.5766,35.3836,37.8021,59.9416,54.3783,42.9418,60.0083,56.6392,67.8012,72.8354,46.8722,10.8167,10.8167,49.0408,31.0161,31.7805,13.1529,16.2788,0,24.5153,35.171,42.107,38.0526,54.231,48.8365,58.1378,33.121,31.0644,48.3839,52.7731,42.0476,21.095,27.7308,14.1421,20.8806,10.0499,45.8803,57.28,63.1269,81.0555,70.1783,56.7186,51.4782,42.0119,49.3964,70.9366,36.0555,33.1361,35.0143,38.1182,47.2017,51.0392,62.8013,57.2014,50.5371,59.4643,33.2415,23.1948,17,9.43398,8.06226,17.4642,40.8534,25.807,56.648,6.40312,13.6015,12.2066,19.8494,17.2047,17.0294,15.6525,10.6301,15,8.06226
141.993,107.019,180.649,129.139,121.511,112.432,111.866,131.795,180.056,143.6,153.675,140.346,133.843,116.867,96.7988,96.0469,121.655,129.468,141.534,156.486,42.9535,48.0104,59.0762,59.0762,61.6847,39.8121,29.0689,35.0143,58.1378,40.4969,28.6531,42.45,49.0408,61.4003,63.0714,22.3607,22.8035,33.0151,59.9333,36.4005,47.5079,31.6228,38.9102,24.5153,0,10.7703,18.1108,15.6525,30,41.9762,47.4236,21.587,31.7805,51.788,58.9406,53.7122,36.7696,32.311,20.5183,11.7047,15.2315,26.9072,37.4433,40.025,68.2422,55.4437,69.3542,50.01,32.28,35.8469,59.1692,46.5296,43.4166,47.1699,50.774,43.1856,47.2652,56.7539,51.9711,50.01,51.5461,12.7279,8.06226,8.60233,18.868,20.0998,29.7321,24.4131,20.2237,38.2884,21.0238,22.6274,18.4391,22.8254,23.6008,19.4165,25.4951,21.4009,18.4391,23.3238
139.032,107.205,178.398,127.91,118.714,108.706,107.564,128.6,176.816,141.198,148.661,138.423,131.187,117.004,97.7446,93.4933,118.068,126.752,138.058,153.688,51.3128,57.3847,68.2495,64.3273,68.942,46.6154,33.9559,40.5216,62.2896,39.8497,29.2746,39.1152,51.1566,63.3877,63.3246,12,33.2866,43.1045,68.2642,44.4185,57.28,42.19,49.6588,35.171,10.7703,0,10,11.7047,20.3961,45.0111,48.0521,25.4951,38.9102,58.1893,65.9242,62.426,46.8615,40.4969,30.6105,20.5183,26,24.1661,32.6497,31.7805,66.6408,53.2353,77.9359,54.7449,35.0143,35.9026,58.5235,55.2178,52.2015,56.2228,59.8164,47.3814,51.2445,59.1354,55,55.109,53.3385,13.0384,16.2788,19.2354,29.5296,30.0666,39.6989,24.3311,27.2947,34.6699,31.7805,32.8024,28.8444,31.8904,33.2415,29,35.4683,31.9061,28.4253,34
129.53,99.2018,169.098,119.101,109.293,99.0202,97.7446,119.038,167.2,131.883,138.708,129.294,121.795,108.931,90.2552,84.22,108.407,117.346,128.406,144.222,51.6236,59.0339,69.3542,60.7454,67.4166,45.2217,31.3847,38.0789,57.7235,32.249,23.3452,29.9666,45.1774,57.0088,55.7315,7.2111,37.9473,51.0882,68.1175,44.5533,59.6406,46.8188,55.0818,42.107,18.1108,10,0,6.40312,12.1655,40.025,41.0488,23.0217,38.2884,55.9464,64.1405,62.9365,50.1199,41.0366,34.5398,23.7697,32.249,16.1245,23.0217,22.1359,57.9396,44.3847,77.9872,50.9215,30.3645,29,50.448,55.8659,53.0754,57.3847,60.8769,43.3244,46.8402,53.1507,49.6488,51.6236,47.0425,11.4018,19.9249,25.1794,34.9285,38.2099,42.9418,18.4391,27.6586,25.4951,37.6563,36.7696,33.5261,34.1321,36.2353,32.2025,38.9102,36.6879,32.311,39.2938
127.801,95.5092,166.976,116.276,107.415,97.7446,96.8762,117.444,165.702,129.8,138.409,126.909,119.854,105.304,86.122,82.0975,107.056,115.434,127.016,142.411,45.2548,52.8015,63.0317,54.7083,61.0574,38.833,25.0599,31.7648,51.9711,28.1603,18,27.8029,40,52.0865,51.6624,13.6015,32.7567,47.676,61.7171,38.1838,53.535,41.4849,50.01,38.0526,15.6525,11.7047,6.40312,0,17.4642,34.3657,36.4966,16.6433,31.8904,49.6488,57.8014,56.5685,44.2832,34.7131,29.1204,18.4391,28.0179,12.53,22.0227,25.0799,55.0091,41.6773,71.5891,44.9222,24.5153,24.3311,46.8188,49.5177,46.7547,51.0882,54.5619,37.3631,41,48,44.1814,45.5412,42.0476,5.38516,15.0333,21.095,30.1496,35.171,37.1618,13,21.4009,23.4307,33.0606,31.3209,28.4429,28.178,30.4631,26.5707,33.2415,31.5753,26.9258,34.3657
124.908,98.8585,165.027,116.692,105.095,93.8136,91.8368,114.237,161.988,127.91,131.59,125.925,117.618,108.342,91.0494,80.7775,103.247,113.146,123.175,139.671,61.8466,69.8928,79.8123,67.6018,76.0592,54.4518,40.3113,46.7547,63.561,34.9285,29.6816,29.0172,49.6488,60.4152,57.0789,8.94427,50,63.0079,77.7946,54.8179,70.8308,58.8218,67.1863,54.231,30,20.3961,12.1655,17.4642,0,46.0652,44.1475,32.6497,48.2701,64.2028,72.6223,73.1095,61.7414,51.614,46.4866,35.7351,44.4072,20.5913,21.0238,12.7279,56.7186,43.2897,87.6926,57.8014,37.4433,33.2415,51,66.2193,63.6003,68.0074,71.4003,50.2494,53.2353,57.28,54.7814,58.8303,50.9608,22.8473,32.0156,37.3363,47.0744,50.04,54.626,25.6125,38.5876,25.02,49.8197,48.7032,45.607,45.618,47.927,44.0114,50.6952,48.7647,44.2719,51.4198
106.527,66.3702,143.01,90.2718,86.2148,80.1311,81.4371,97.2008,144.589,106.794,123.879,102.591,97.8366,76.1577,55.4617,61.2944,88.5099,93.723,107.415,120.341,27.074,37.054,42.7551,21.6333,32.45,17.1172,13.8924,11.6619,17.72,14.7648,16.7631,25.0599,7.81025,19.6977,24.0832,46.8402,38.1838,59.397,37.3363,23.0868,40.3113,41.8808,50.1199,48.8365,41.9762,45.0111,40.025,34.3657,46.0652,0,11.1803,20.3961,18.868,20.5913,28.8444,35.5106,38.0789,23.7065,34.7131,32.6956,41.8808,25.4951,29.7321,43.8634,33.541,26.0768,46.5188,12.0416,10,13.4536,23.2594,31,30.1496,34.0147,36.0555,5.38516,7.2111,14.8661,10.0499,13.4536,10.6301,32,34.4819,39.3954,39.8246,51.8652,34.6699,21.587,24.1868,25.6125,42.5206,35.3553,37.0135,29,31.8277,32.0156,34.0588,38.2099,34.2053,41.0122
96.9381,59.6154,134.317,82.0975,76.4853,69.6419,70.6612,87.3212,135.104,97.6729,113.177,93.8616,88.3912,69.4622,49.7293,51.225,78.2368,84.1724,97.4526,111.018,38.2099,48.1664,53.3385,28.0179,41.2311,28.2843,22.8035,22.4722,21.9317,9.21954,18.9737,17.8045,7.2111,16.2788,15.6525,47.0425,47.8017,68.884,47.2969,34.2053,51.4782,52.3546,60.8358,58.1378,47.4236,48.0521,41.0488,36.4966,44.1475,11.1803,0,26.6271,29.5466,30.0832,37.6962,46.1736,49.0408,34.5398,44.0454,40,50.2494,25,24.5967,38.9487,23.0217,15,55.9732,20.2485,16.2788,12.1655,12.8062,42.0476,41.3038,45.0999,47,16,15.5242,13.4164,12.8062,22.1359,7.2111,35.7351,40.8167,46.6154,48.8365,60.208,45.1774,23.7697,32.5269,20.1246,51.7397,45,46.0109,38.6005,41.6173,41.1096,44.1022,47.634,43.1856,50.6063
123.045,85.8662,160.86,108.724,102.533,94.6414,94.8683,113.172,161.227,124.085,137.295,120.42,114.63,95.7079,75.3923,77.0779,103.586,110.345,123.167,137.295,29.2062,37.5899,47.2017,38.833,44.4185,22.2036,8.544,15.2315,37.0135,21.4009,9.84886,27.2029,27.5136,39.8497,42.19,30.2324,24.0416,43.909,45.2769,22.2036,39,31.1448,40.1995,33.121,21.587,25.4951,23.0217,16.6433,32.6497,20.3961,26.6271,0,15.6205,33.1059,41.1825,40.4599,31.4006,19.2354,19.9249,13.4536,24.2074,15.2971,26,36.0555,48.7955,37.2022,55.1725,29.2746,10.7703,16.4012,39.0512,33.6006,31.0644,35.5106,38.833,22.0227,26,35.171,30.4138,29.6142,30.0832,12.6491,14.3178,20,23.7065,33.9706,25.02,9.05539,8.06226,24.3311,26.8328,21.587,21.0238,16.0312,19.105,16.7631,22.0907,23.4094,18.3848,26.5707
