0,10.4403,3,7.07107,5,12.2066,14.1421,11.1803,52.2015,47.4342,48.1041,43.4626,53.8516,44.7214,50.5371,51.4782,47.1699,82.2253,76.9025,72.0347,81.3941,71.5891,81.0494,71.1969,80.6226,89.0225,86.0233,86.6833,82.0061,83.6301,80.4301,82.8794,84.8528,78.1025,42,40,40.1123,37.3363,35.3553,35,34.4819,30.4138,30,30.1496,5.83095,8.60233,46.1411,81.7863,74.9533,68.6222,129.653,85.3288,88.2326,137.295,104.862,98.4124,99.3277,67.0298,67.624,88.3233,111.072,136.066,115.352,112.294,109.659,98.3107,115.039,121.491,85.235,100.846,143.171,141.032,86.2844,79.404,62.2896,122.188,72.3671,88.3912,72.2011,110.386,119.013,92.4175,107.229,99.96,114.18,72.5328,85.3756,112.929,130.981,81.3941,112.004,111.946,128.378,110.91,102.108,103.092,48.0833,101.079,86.093,111.306
10.4403,0,10,5.38516,10.198,4,7,8.60233,41.7612,37,37.6962,33.1059,43.4626,34.4819,40.3113,41.3401,37.2022,73.3757,68.0074,63.2456,72.2772,62.6418,71.8053,62.0967,71.1969,85.7555,83.2406,83.2166,78.8923,79.8812,77.1751,79.0569,80.4301,74.6257,46.0977,44.1475,43.566,40.3113,38.3275,39.2938,36,33.3766,34.4819,33.7343,7.28011,6.40312,36.0555,72.8011,66.0984,64.0312,133.989,90.5207,96.6747,144.627,113.23,105.679,105.475,70.4557,74.793,96.2601,120.216,140.616,119.52,117.154,116.765,103.325,122.119,129.619,93.2309,108.724,149.883,148.718,96.3846,85.6154,66.9403,126.905,74.108,97.6729,82.0975,118.6,126.178,98.0306,111.306,106.513,120.333,78.5493,91.0824,121.754,133.135,88.8369,119.817,118.309,135.595,118.338,107.838,109.385,54.5619,108.407,94.0479,119.281
3,10,0,5.38516,2,10.7703,12.2066,8.60233,51.4198,46.5725,47.1275,42.3792,52.811,43.4626,49.2443,50.0899,45.6508,82.9699,77.6209,72.8011,82,72.2772,81.5843,71.8053,81.0494,91.4002,88.4816,89.0225,84.4038,85.9127,82.801,85.1469,87,80.4301,45,43,43.1045,40.3113,38.3275,38,37.3631,33.3766,33,33.1361,3.60555,6.40312,44.7214,82.4621,75.6902,70.7107,132.639,88.2836,90.6973,139.989,107.336,101.134,102.201,70.0286,70.3847,90.9175,113.278,139.043,118.343,115.261,112.401,101.272,117.784,124.02,87.818,103.446,145.962,143.656,87.9204,82.28,65.2763,125.16,75.3127,90.5539,74.027,112.898,121.742,95.3415,110.223,102.786,117.047,75.4321,88.295,115.256,133.959,84.0952,114.612,114.791,131.095,113.596,105.019,105.948,50.9608,103.788,88.6848,113.877
7.07107,5.38516,5.38516,0,5,5.38516,7.07107,5,46.0977,41.2311,41.7612,37,47.4342,38.0789,43.8634,44.7214,40.3113,78.7464,73.3757,68.6222,77.6209,68.0074,77.1298,67.4463,76.4853,90.1388,87.4643,87.6584,83.2166,84.4038,81.5414,83.6002,85.1469,79.0569,47.2652,45.2769,45.0444,42,40,40.3113,38.3275,35,35.3553,35.0571,2,2,39.3573,78.1601,71.4703,68.7677,135.204,91.2195,95.2103,144.014,111.83,105.095,105.622,72.0625,74.2496,95.1893,118.14,141.718,120.814,118.068,116.297,104.139,121.672,128.413,92.1141,107.703,149.693,147.851,93.1933,85.703,67.897,127.906,76.531,95.462,79.2023,117.324,125.674,98.4937,112.641,106.405,120.487,78.7464,91.4822,119.971,135.447,88.1192,118.849,118.33,135.059,117.648,108.24,109.444,54.4243,107.782,92.9624,118.191
5,10.198,2,5,0,10.198,11.1803,7.07107,50.9902,46.0977,46.5725,41.7612,52.2015,42.72,48.4665,49.2443,44.7214,83.5225,78.1601,73.3757,82.4621,72.8011,82,72.2772,81.3941,93.0054,90.1388,90.6035,86.0233,87.4586,84.4038,86.6833,88.459,82.0061,47,45,45.0999,42.2966,40.3113,40,39.2938,35.3553,35,35.1283,3,5.38516,43.8634,82.9699,76.243,72.1388,134.629,90.2552,92.358,141.792,109,102.956,104.12,72.0278,72.2357,92.6607,114.769,141.028,120.337,117.239,114.237,103.247,119.62,125.718,89.5545,105.19,147.828,145.413,89.0505,84.2021,67.2681,127.142,77.2787,92.0217,75.2861,114.586,123.568,97.2934,112.219,104.676,118.962,77.3692,90.2441,116.825,135.945,85.9069,116.362,116.692,132.914,115.395,106.963,107.856,52.8867,105.603,90.4268,115.603
12.2066,4,10.7703,5.38516,10.198,0,3,5.83095,40.7922,35.9026,36.4005,31.6228,42.0595,32.6956,38.4838,39.3573,34.9857,74.6726,69.2892,64.622,73.3757,63.9062,72.8011,63.2456,72.0347,89.1852,86.7698,86.6083,82.365,83.2166,80.6226,82.3772,83.6002,78.032,50.01,48.0521,47.5184,44.2832,42.2966,43.1741,40,37.3363,38.3275,37.6563,7.28011,5,34,74,67.4166,67.2012,137.931,94.3716,99.8098,148.125,116.4,109.179,109.202,74.4312,78.2943,99.5691,123.045,144.544,123.471,121.05,120.308,107.201,125.67,132.88,96.5194,112.058,153.522,152.122,98.4784,89.3197,70.8308,130.817,78.1025,100.419,84.4038,121.828,129.711,101.833,115.261,110.168,124.064,82.28,94.8683,124.74,137.131,92.2822,123.175,122.004,139.119,121.803,111.629,113.088,58.1808,111.893,97.3499,122.589
14.1421,7,12.2066,7.07107,11.1803,3,0,5,40.3113,35.3553,35.6931,30.8058,41.2311,31.6228,37.3363,38.0789,33.541,75.7694,70.3847,65.7951,74.3303,65,73.6817,64.2573,72.8011,91.7878,89.4427,89.1852,85,85.7555,83.2406,84.9058,86.0233,80.6226,52.9528,50.9902,50.4876,47.2652,45.2769,46.0977,43,40.3113,41.2311,40.6079,8.60233,5.83095,32.6956,75.0267,68.542,69.6348,140.89,97.2677,102.201,150.765,118.811,111.826,112.009,77.4145,80.9506,102.083,125.208,147.492,126.436,123.976,122.984,110.114,128.351,135.351,99.0202,114.586,156.263,154.693,100.125,92.1141,73.7564,133.754,81.0987,102.533,86.2148,124.278,132.378,104.695,118.229,112.925,126.874,85.0941,97.719,127.016,140.129,94.8947,125.718,124.788,141.778,124.423,114.481,115.879,60.9262,114.529,99.8599,125.096
11.1803,8.60233,8.60233,5,7.07107,5.83095,5,0,45.2769,40.3113,40.6079,35.6931,46.0977,36.4005,42.0595,42.72,38.0789,80.4114,75.0267,70.3847,79.0569,69.6419,78.4474,68.9493,77.6209,94.3398,91.7878,91.8096,87.4643,88.4816,85.7555,87.6584,89.0225,83.2166,52.2398,50.2494,50.04,47,45,45.2769,43.2897,40,40.3113,40.05,5.38516,3,37.3363,79.712,73.1642,72.6223,140.161,96.1041,99.2975,148.476,115.935,109.59,110.368,77.0584,78.7909,99.4786,121.828,146.659,125.782,122.984,120.83,109.041,126.21,132.608,96.3846,112.004,154.315,152.201,96.0208,90.4434,72.8354,132.834,81.4985,99.0858,82.3286,121.491,130.188,103.325,117.614,111.072,125.228,83.5225,96.3016,123.847,140.431,92.5743,123.167,123.033,139.556,122.09,113.053,114.162,59.1354,112.259,97.2471,122.45
52.2015,41.7612,51.4198,46.0977,50.9902,40.7922,40.3113,45.2769,0,5,5.38516,10.198,5,11.1803,9.43398,11.1803,14.1421,45.3431,40.6079,37.7359,42.4264,36.0555,41.0366,34.4093,39.0512,85.1469,85,82.1523,80,78.1601,78,77.1622,75.6637,75,75.8222,74.3303,72.3464,68.7677,67.2681,70.7107,62.482,63.6396,67.2681,65.0692,48.0521,45.7056,12.8062,43.8634,39.4081,62,157.178,118.431,133.304,177.102,149.335,138.852,135.429,95.0158,108.894,131.552,158.405,164.283,142.762,142.706,149.164,130,154.302,164.757,128.763,143.544,180.314,182.222,137.295,116.662,95.2103,151.608,93.2309,136.484,122.589,154.175,158.521,126.752,134.659,137.612,149.773,109.481,120.433,159.022,148.933,123.045,154.208,148.449,167.887,151.644,136.459,139.617,88.4138,141.676,129.449,154.156
47.4342,37,46.5725,41.2311,46.0977,35.9026,35.3553,40.3113,5,0,2,5.38516,7.07107,7.07107,8,10,11.1803,48.7955,43.8634,40.6079,46.0977,39.0512,44.8219,37.5366,43.0116,85.5862,85.1469,82.6075,80.1561,78.6384,78.1601,77.6466,76.4853,75.1665,72.6223,71.0634,69.2026,65.6049,64.0312,67.2681,59.4054,60.208,63.6396,61.5549,43.1741,40.7922,9.43398,47.4236,42.5206,62.2013,155.242,115.763,129.557,174.011,145.691,135.591,132.575,92.5905,105.418,127.988,154.457,162.308,140.769,140.428,146.031,127.534,151.208,161.276,125.16,140.071,177.505,178.997,132.834,113.6,92.358,149.466,91.4166,132.412,118.207,150.615,155.416,124.02,132.62,134.618,147.027,106.4,117.597,155.219,147.872,119.604,150.814,145.609,164.806,148.395,133.776,136.741,84.8646,138.409,125.865,150.695
48.1041,37.6962,47.1275,41.7612,46.5725,36.4005,35.6931,40.6079,5.38516,2,0,5,5.83095,5.83095,6,8,9.43398,50.2096,45.3431,42.2019,47.4236,40.6079,46.0977,39.0512,44.2041,87.5728,87.1436,84.5931,82.1523,80.6226,80.1561,79.6304,78.4474,77.1622,74.2024,72.6223,70.8025,67.2012,65.6049,68.7677,61.0328,61.7171,65.0692,63.0317,43.6807,41.2311,7.81025,48.7955,44.0454,64.195,157.099,117.478,130.908,175.602,147.085,137.131,134.239,94.3663,106.888,129.418,155.708,164.158,142.618,142.225,147.611,129.294,152.801,162.733,126.574,141.534,179.176,180.544,133.765,115.209,94.0319,151.288,93.3006,133.6,119.202,152.043,157.003,125.718,134.462,136.242,148.718,108.005,119.269,156.541,149.833,121.083,152.306,147.275,166.4,149.937,135.484,138.398,86.3134,139.946,127.287,152.161
43.4626,33.1059,42.3792,37,41.7612,31.6228,30.8058,35.6931,10.198,5.38516,5,0,10.4403,3,7.81025,9.43398,8,53.8145,48.7955,45.3431,51.225,43.8634,50,42.4264,48.2597,88.2836,87.5728,85.3288,82.6075,81.3941,80.6226,80.4114,79.555,77.6466,71.2811,69.6348,67.9559,64.3506,62.6817,65.6049,58.3095,58.6003,61.7171,59.8164,38.8973,36.4005,6,52.4976,47.3814,64.7765,155.322,115.004,127.287,172.63,143.558,134.015,131.548,92.1954,103.586,125.992,151.855,162.336,140.801,140.118,144.617,127.012,149.843,159.364,123.11,138.192,176.491,177.429,129.375,112.33,91.4166,149.308,91.7606,129.63,114.909,148.6,154.029,123.167,132.608,133.405,146.123,105.119,116.619,152.84,148.946,117.796,149.037,144.586,163.444,146.82,132.97,135.68,82.9759,136.821,123.843,148.822
53.8516,43.4626,52.811,47.4342,52.2015,42.0595,41.2311,46.0977,5,7.07107,5.83095,10.4403,0,10,5.83095,7.07107,11.1803,49.2037,44.6542,42.0595,46.0977,40.3113,44.5982,38.5876,42.4264,90.1388,90,87.1436,85,83.1505,83,82.1523,80.6226,80,79.6492,78.1025,76.2168,72.6223,71.0634,74.3303,66.4003,67.2681,70.7107,68.6222,49.3356,46.8402,10.4403,47.634,43.566,67,161.771,122.642,136.62,181.025,152.761,142.636,139.521,99.363,112.486,135.059,161.484,168.861,147.33,147.139,153.052,134.332,158.221,168.345,132.231,147.139,184.44,186.038,139.589,120.603,99.2975,156.109,97.8621,139.402,125.032,157.686,162.432,130.924,139.205,141.605,153.938,113.406,124.535,162.274,153.805,126.669,157.877,152.552,171.817,155.438,140.663,143.694,91.9348,145.454,132.936,157.762
44.7214,34.4819,43.4626,38.0789,42.72,32.6956,31.6228,36.4005,11.1803,7.07107,5.83095,3,10,0,5.83095,7.07107,5,55.8659,50.9313,47.634,53.1507,46.0977,51.8556,44.5982,50,91.2414,90.5539,88.2836,85.5862,84.3445,83.6002,83.3607,82.4621,80.6226,73.7835,72.111,70.4911,66.888,65.192,68.0074,60.9016,61.0328,64.0312,62.2013,39.9249,37.3363,3,54.4885,49.5782,67.7422,158.146,117.648,129.402,175.071,145.726,136.4,134.112,94.9368,105.891,128.222,153.808,165.148,143.618,142.864,147.054,129.711,152.296,161.617,125.32,140.464,179.047,179.805,130.863,114.826,94.0213,152.086,94.6414,131.503,116.503,150.814,156.474,125.782,135.418,135.912,148.718,107.615,119.202,154.897,151.908,120.104,151.344,147.146,165.895,149.201,135.595,138.232,85.276,139.201,126.063,151.093
50.5371,40.3113,49.2443,43.8634,48.4665,38.4838,37.3363,42.0595,9.43398,8,6,7.81025,5.83095,5.83095,0,2,5.38516,54.6717,50,47.1699,51.6624,45.4863,50.2096,43.8292,48.1041,93.5361,93.1343,90.5539,88.1419,86.5794,86.1452,85.5862,84.3445,83.1505,79.0569,77.4209,75.7166,72.111,70.4557,73.4098,66.0379,66.4003,69.527,67.624,45.6946,43.0813,5,53.1507,48.8262,70.1783,162.69,122.674,135.059,180.422,151.347,141.82,139.284,99.7447,111.396,133.795,159.552,169.729,148.189,147.648,152.411,134.614,157.632,167.171,130.908,146,184.228,185.235,136.693,120.104,99.1262,156.78,98.9798,137.277,122.332,156.4,161.821,130.863,140.014,141.174,153.834,112.894,124.342,160.59,155.724,125.607,156.847,152.322,171.234,154.625,140.656,143.422,90.7855,144.627,131.643,156.63
51.4782,41.3401,50.0899,44.7214,49.2443,39.3573,38.0789,42.72,11.1803,10,8,9.43398,7.07107,7.07107,2,0,5,56.2228,51.614,48.8774,53.1507,47.1699,51.6624,45.4863,49.4975,95.5249,95.1315,92.5419,90.1388,88.5664,88.1419,87.5728,86.3134,85.1469,80.7094,79.0569,77.3886,73.7835,72.111,75,67.7422,68.0074,71.0634,69.2026,46.5188,43.8634,5.38516,54.6717,50.4777,72.1734,164.56,124.423,136.473,182.044,152.794,143.405,140.982,101.553,112.929,135.281,160.863,171.593,150.053,149.466,154.029,136.4,159.261,168.671,132.382,147.513,185.925,186.815,137.713,121.758,100.846,158.619,100.881,138.539,123.422,157.877,163.444,132.593,141.873,142.836,155.554,114.547,126.052,161.966,157.69,127.142,158.382,154.019,172.861,156.208,142.394,145.114,92.3147,146.209,133.124,158.142
47.1699,37.2022,45.6508,40.3113,44.7214,34.9857,33.541,38.0789,14.1421,11.1803,9.43398,8,11.1803,5,5.38516,5,0,59.4643,54.6717,51.614,56.5685,50,55.1725,48.4149,53.1507,96.1769,95.5249,93.2148,90.5539,89.2693,88.5664,88.2836,87.3212,85.5862,78.032,76.3217,74.793,71.1969,69.4622,72.111,65.2993,65.192,68.0074,66.2873,42.0595,39.3573,2,58,53.4135,72.6911,162.865,122.09,133.004,179.179,149.402,140.428,138.423,99.5389,109.809,132.008,157.137,169.85,148.327,147.462,151.162,134.239,156.426,165.424,129.074,144.309,183.338,183.807,133.454,119.038,98.4124,156.732,99.4585,134.715,119.281,154.564,160.59,130.177,140.118,140.132,153.075,111.83,123.548,158.392,156.847,124.016,155.242,151.45,170.018,153.219,140.004,142.524,89.202,143.22,129.835,154.932
82.2253,73.3757,82.9699,78.7464,83.5225,74.6726,75.7694,80.4114,45.3431,48.7955,50.2096,53.8145,49.2037,55.8659,54.6717,56.2228,59.4643,0,5.38516,10.198,4,10.7703,6,11.6619,9,56.7979,59.1692,54.1202,54.9181,50.6063,53.2541,49.7393,45.618,50.8035,83.2406,82.7103,79.8123,77.1298,76.6877,81.5843,71.3863,75.8024,80.7527,77.7817,80.6536,79.3788,58,2,7.28011,41.0366,144.045,115.109,141.315,175.206,155.206,140.656,132.88,91.586,115.317,137.383,167.869,151.212,130.908,133.69,148.95,123.693,153.379,167.943,135.248,147.597,175.171,181.706,155.364,117.72,96.1509,140.759,84.0238,148.661,140.071,158.777,157.547,123.458,123.746,136.459,145.245,111.364,118.727,166.517,128.129,127.953,156.78,145,166.235,152.643,132.004,137.058,97.8008,143.388,135.65,157.544
76.9025,68.0074,77.6209,73.3757,78.1601,69.2892,70.3847,75.0267,40.6079,43.8634,45.3431,48.7955,44.6542,50.9313,50,51.614,54.6717,5.38516,0,5,5.38516,5.38516,6.40312,6.40312,8.60233,56.648,58.6003,53.8516,54.1202,50.1597,52.3546,49.2443,45.5412,49.7393,79.0569,78.4474,75.5844,72.8011,72.2772,77.1298,66.9403,71.1969,76.1183,73.1642,75.2861,74,53.1507,5,2,39.0512,142.436,112.201,137.481,172.43,151.611,137.379,130,88.4816,111.485,133.72,164.003,149.626,129.074,131.529,145.908,121.165,150.426,164.639,131.518,144.139,172.743,178.807,150.814,114.39,92.6607,138.852,81.4678,144.516,135.518,155.309,154.616,120.603,121.754,133.454,142.636,107.912,115.676,162.816,127.475,124.326,153.496,142.274,163.404,149.496,129.321,134.201,93.6056,140.132,131.947,154.185
72.0347,63.2456,72.8011,68.6222,73.3757,64.622,65.7951,70.3847,37.7359,40.6079,42.2019,45.3431,42.0595,47.634,47.1699,48.8774,51.614,10.198,5,0,10.198,2,10.7703,4,12.2066,55.0818,56.648,52.2015,52,48.3839,50.1597,47.4342,44.1475,47.4236,74.3303,73.6817,70.8378,68.0074,67.4463,72.2772,62.0967,66.2873,71.1969,68.2495,70.5195,69.2892,50,10,3,36.0555,139.402,108.231,132.914,168.514,147.177,133.147,126.036,84.4038,106.93,129.252,159.411,146.605,125.877,128.082,141.824,117.456,146.4,160.378,127.012,139.789,169.071,174.806,145.911,110.136,88.3233,135.591,77.7946,139.786,130.614,150.95,150.602,116.662,118.444,129.402,138.852,103.586,111.606,158.316,125.24,119.883,149.251,138.409,159.455,145.341,125.495,130.25,88.8651,135.912,127.456,149.893
81.3941,72.2772,82,77.6209,82.4621,73.3757,74.3303,79.0569,42.4264,46.0977,47.4236,51.225,46.0977,53.1507,51.6624,53.1507,56.5685,4,5.38516,10.198,0,10,2,10.198,5,60.4152,62.6498,57.6975,58.3095,54.1202,56.6039,53.2353,49.2443,54.0833,84.4334,83.8153,80.9568,78.1601,77.6209,82.4621,72.2772,76.4853,81.3941,78.4474,79.555,78.1601,55.1725,2,7.28011,43.8634,147.122,117.414,142.864,177.609,156.975,142.688,135.207,93.7443,116.867,139.09,169.387,154.302,133.869,136.473,151.162,126.254,155.657,169.956,136.894,149.482,177.8,184.024,156.109,119.708,98.0051,143.684,86.5563,149.893,140.812,160.655,159.841,125.801,126.621,138.698,147.757,113.252,120.93,168.19,131.609,129.692,158.808,147.435,168.6,154.777,134.466,139.402,98.9798,145.437,137.321,159.512
71.5891,62.6418,72.2772,68.0074,72.8011,63.9062,65,69.6419,36.0555,39.0512,40.6079,43.8634,40.3113,46.0977,45.4863,47.1699,50,10.7703,5.38516,2,10,0,10.198,2,11.1803,57.0088,58.5235,54.1202,53.8516,50.2892,52,49.3356,46.0977,49.2443,75.0267,74.3303,71.5122,68.6222,68.0074,72.8011,62.6418,66.7083,71.5891,68.6586,69.9214,68.6222,48.4149,10.198,3.60555,37.7359,141.014,109.481,133.754,169.779,148.125,134.239,127.283,85.6037,107.787,130.177,160.225,148.219,127.44,129.557,143.003,118.828,147.611,161.447,127.906,140.801,170.449,176.026,146.322,111.221,89.3588,137.131,79.196,140.456,131.027,151.954,151.819,117.924,119.971,130.602,140.186,104.623,112.801,159.211,127.047,120.83,150.333,139.703,160.705,146.479,126.811,131.503,89.5377,137.011,128.363,150.944
81.0494,71.8053,81.5843,77.1298,82,72.8011,73.6817,78.4474,41.0366,44.8219,46.0977,50,44.5982,51.8556,50.2096,51.6624,55.1725,6,6.40312,10.7703,2,10.198,0,10,3,62.2415,64.4127,59.5063,60.0333,55.9017,58.3095,55.0091,51.0784,55.7584,85.0941,84.4334,81.5966,78.7464,78.1601,82.9699,72.8011,76.9025,81.7863,78.8543,79.0759,77.6209,53.8145,4,8.06226,45.3431,148.678,118.6,143.673,178.832,157.889,143.736,136.4,94.8683,117.686,139.979,170.176,155.862,135.37,137.888,152.296,127.562,156.822,170.988,137.753,150.456,179.134,185.205,156.518,120.739,98.9798,145.165,87.8635,150.546,141.223,161.623,161.012,127.004,128.082,139.846,149.037,114.237,122.066,169.056,133.36,130.599,159.85,148.678,169.806,155.872,135.724,140.602,99.6243,146.492,138.192,160.524
71.1969,62.0967,71.8053,67.4463,72.2772,63.2456,64.2573,68.9493,34.4093,37.5366,39.0512,42.4264,38.5876,44.5982,43.8292,45.4863,48.4149,11.6619,6.40312,4,10.198,2,10,0,10.4403,58.9406,60.407,56.0446,55.7136,52.2015,53.8516,51.2445,48.0521,51.0784,75.7694,75.0267,72.2357,69.2892,68.6222,73.3757,63.2456,67.1863,72.0347,69.1231,69.3758,68.0074,46.8615,10.7703,5,39.4462,142.636,110.752,134.618,171.058,149.094,135.351,128.55,86.8332,108.674,131.126,161.059,149.843,129.016,131.046,144.201,120.216,148.839,162.533,128.825,141.834,171.84,177.26,146.758,112.33,90.4268,138.683,80.6226,141.152,131.469,152.977,153.052,119.206,121.511,131.822,141.534,105.688,114.018,160.125,128.86,121.803,151.433,141.014,161.969,147.635,128.144,132.774,90.2497,138.13,129.294,152.013
80.6226,71.1969,81.0494,76.4853,81.3941,72.0347,72.8011,77.6209,39.0512,43.0116,44.2041,48.2597,42.4264,50,48.1041,49.4975,53.1507,9,8.60233,12.2066,5,11.1803,3,10.4403,0,65,67.082,62.2415,62.6498,58.6003,60.9016,57.6975,53.8516,58.3095,86.1626,85.44,82.6378,79.712,79.0569,83.8153,73.6817,77.6209,82.4621,79.555,78.4474,76.9025,51.8556,7,9.89949,47.634,151.03,120.42,144.931,180.693,159.298,145.344,138.224,96.6075,118.966,141.354,171.397,158.221,137.644,140.036,154.029,129.557,158.6,172.569,139.086,151.954,181.157,187.003,157.178,122.332,100.499,147.411,89.8721,151.568,141.891,163.11,162.8,128.845,130.3,141.605,150.987,115.763,123.81,170.391,136,132.004,161.447,150.572,171.642,157.547,137.644,142.436,100.658,148.111,139.542,162.077
89.0225,85.7555,91.4002,90.1388,93.0054,89.1852,91.7878,94.3398,85.1469,85.5862,87.5728,88.2836,90.1388,91.2414,93.5361,95.5249,96.1769,56.7979,56.648,55.0818,60.4152,57.0088,62.2415,58.9406,65,0,5,3,7.07107,7,8.60233,8,11.1803,11.1803,61.7171,62.6498,60.0333,59.9083,61.0328,65.192,58.258,64.0312,68.0074,65.6049,91.2634,91.8096,94.2019,58.6003,55.9732,23.5372,90.0278,71.3863,106.019,127.534,116.108,98.8433,87.6413,53.0848,82.3893,100.18,131.461,97,78.2368,82.8553,104.403,75.9605,107.838,125.16,99.0454,107.355,125.032,134.852,130.231,78.2304,61.5224,88.2326,41.0122,117.209,116.181,118.068,111.665,78.5875,72.2011,92.1792,97.17,74,76.1183,128.133,71.5612,91.0494,114.237,97.8621,119.231,108.931,85.0941,91.3947,73.0548,101.203,99.0808,115.732
86.0233,83.2406,88.4816,87.4643,90.1388,86.7698,89.4427,91.7878,85,85.1469,87.1436,87.5728,90,90.5539,93.1343,95.1315,95.5249,59.1692,58.6003,56.648,62.6498,58.5235,64.4127,60.407,67.082,5,0,5.83095,5,8.60233,7,9.43398,14.1421,10,57.3062,58.3095,55.7584,55.8032,57.0088,61.0328,54.4885,60.208,64.0312,61.7171,88.5099,89.1852,93.5361,60.9016,57.7754,23,86.3134,66.4906,101.02,123.004,111.158,93.9415,82.8613,48.0937,77.4145,95.1893,126.479,93.3488,74.2024,78.5493,99.6243,71.3092,103.121,120.333,94.0479,102.421,120.739,130.269,125.32,73.2462,56.5685,84.2021,36.0139,112.219,111.324,113.159,106.977,73.7631,67.9559,87.3613,92.6121,69,71.1969,123.179,68.9638,86.0523,109.385,93.2309,114.634,104.12,80.4114,86.6487,68.352,96.3172,94.0851,110.856
86.6833,83.2166,89.0225,87.6584,90.6035,86.6083,89.1852,91.8096,82.1523,82.6075,84.5931,85.3288,87.1436,88.2836,90.5539,92.5419,93.2148,54.1202,53.8516,52.2015,57.6975,54.1202,59.5063,56.0446,62.2415,3,5.83095,0,5.38516,4,6.40312,5,8.60233,8.60233,60.4152,61.2699,58.5918,58.3095,59.3633,63.6318,56.4004,62.2013,66.2873,63.8201,88.8144,89.3085,91.2414,55.9017,53.1413,20.6155,92.0217,72.0347,106.118,128.81,116.559,99.4636,88.5438,53,82.1523,100.404,131.746,99.0353,80,84.3801,105.304,77.0779,108.849,125.96,99.1817,107.87,126.57,136.059,129.711,78.5175,61.2046,90,41.1947,117.068,115.521,118.663,112.721,79.404,73.7835,93.0054,98.4124,74.0608,76.6877,128.565,74.0945,91.1976,114.983,99.0051,120.42,109.768,86.1626,92.358,72.1249,101.868,99.2472,116.417
82.0061,78.8923,84.4038,83.2166,86.0233,82.365,85,87.4643,80,80.1561,82.1523,82.6075,85,85.5862,88.1419,90.1388,90.5539,54.9181,54.1202,52,58.3095,53.8516,60.0333,55.7136,62.6498,7.07107,5,5.38516,0,5.38516,2,5.83095,11.1803,5,55.0364,55.9017,53.2353,53,54.0833,58.3095,51.225,57.0088,61.0328,58.6003,84.3149,84.9058,88.5664,56.6039,53.2259,18,89.8053,67.72,101.242,125.24,111.987,95.0789,84.5044,48.0416,77.0584,95.6347,127.012,96.8969,77.3369,81.2712,101.242,73.3485,104.924,121.758,94.3398,103.368,123.422,132.382,124.459,73.8241,56.0803,87.3212,36.4966,112.018,110.218,114.237,108.853,75.2728,70.8025,88.8651,94.8262,69.1809,72.2772,123.968,73.3553,86.3713,110.725,95.2733,116.73,105.622,82.3468,88.3912,66.7608,97.5295,94.4299,112.089
83.6301,79.8812,85.9127,84.4038,87.4586,83.2166,85.7555,88.4816,78.1601,78.6384,80.6226,81.3941,83.1505,84.3445,86.5794,88.5664,89.2693,50.6063,50.1597,48.3839,54.1202,50.2892,55.9017,52.2015,58.6003,7,8.60233,4,5.38516,0,5,1,5.83095,5.83095,58.8727,59.6154,56.8595,56.356,57.3062,61.7171,54.0833,59.9083,64.1405,61.5873,85.6037,86.0233,87.2983,52.3546,49.3964,16.7631,94.7629,73.0821,106.381,130.599,117.277,100.424,89.8888,53.1507,82.0061,100.841,132.231,101.823,82.4621,86.5332,106.626,78.721,110.309,127.13,99.5038,108.683,128.701,137.753,129.124,79.0759,61.0082,92.4554,41.7732,117,114.756,119.57,114.237,80.6536,76.0263,94.2444,100.185,74.3303,77.6209,129.248,77.5242,91.5478,116.09,100.648,122.102,111,87.7268,93.7763,71.0634,102.883,99.6092,117.444
80.4301,77.1751,82.801,81.5414,84.4038,80.6226,83.2406,85.7555,78,78.1601,80.1561,80.6226,83,83.6002,86.1452,88.1419,88.5664,53.2541,52.3546,50.1597,56.6039,52,58.3095,53.8516,60.9016,8.60233,7,6.40312,2,5,0,5.09902,10.4403,3,54.231,55.0364,52.3259,51.9711,53,57.3062,50,55.8032,59.9083,57.4282,82.662,83.2166,86.5794,54.9181,51.4296,16,91.2414,68.3081,101.4,126.178,112.379,95.6033,85.235,48.1664,77.0065,95.8853,127.279,98.3514,78.6448,82.4197,101.951,74.2428,105.702,122.381,94.5304,103.812,124.535,133.27,124.169,74.1485,56.0089,88.6172,36.8782,112,109.836,114.726,109.659,75.9605,72.0069,89.5377,95.7706,69.3542,72.8011,124.338,75.1332,86.5794,111.319,96.1509,117.618,106.283,83.1925,89.1572,66.2193,98.0816,94.6414,112.641
82.8794,79.0569,85.1469,83.6002,86.6833,82.3772,84.9058,87.6584,77.1622,77.6466,79.6304,80.4114,82.1523,83.3607,85.5862,87.5728,88.2836,49.7393,49.2443,47.4342,53.2353,49.3356,55.0091,51.2445,57.6975,8,9.43398,5,5.83095,1,5.09902,0,5.38516,5.38516,58.5235,59.2368,56.4624,55.9017,56.8243,61.2699,53.535,59.3633,63.6318,61.0574,84.8116,85.2115,86.3134,51.4782,48.4665,15.8114,95.462,73.3757,106.471,131.061,117.478,100.688,90.2497,53.2353,82,100.975,132.371,102.533,83.0963,87.0919,106.977,79.1581,110.693,127.44,99.6092,108.908,129.248,138.192,128.996,79.2465,61,93.086,41.9762,117.004,114.586,119.817,114.634,80.9938,76.6094,94.578,100.648,74.4312,77.8845,129.437,78.3901,91.6624,116.387,101.079,122.54,111.328,88.1419,94.1541,70.8308,103.16,99.7246,117.72
84.8528,80.4301,87,85.1469,88.459,83.6002,86.0233,89.0225,75.6637,76.4853,78.4474,79.555,80.6226,82.4621,84.3445,86.3134,87.3212,45.618,45.5412,44.1475,49.2443,46.0977,51.0784,48.0521,53.8516,11.1803,14.1421,8.60233,11.1803,5.83095,10.4403,5.38516,0,10,62.6418,63.2456,60.407,59.6154,60.4152,65,56.8243,62.6498,67.082,64.4127,86.4523,86.6833,85.3756,47.4236,44.9222,16.4012,100.449,78.7464,111.647,136.418,122.784,106.042,95.6347,58.4209,87.023,106.212,137.612,107.49,88.2383,92.358,112.361,84.5281,116.078,132.816,104.809,114.237,134.529,143.562,133.735,84.5281,66.0303,98.2344,47.2969,122.037,119.218,125.16,120.017,86.3771,81.8413,99.96,106.005,79.6304,83.2406,134.733,82.6801,96.8762,121.758,106.452,127.91,116.709,93.5201,99.5389,75.3127,108.522,104.938,123.081
78.1025,74.6257,80.4301,79.0569,82.0061,78.032,80.6226,83.2166,75,75.1665,77.1622,77.6466,80,80.6226,83.1505,85.1469,85.5862,50.8035,49.7393,47.4236,54.0833,49.2443,55.7584,51.0784,58.3095,11.1803,10,8.60233,5,5.83095,3,5.38516,10,0,53.1413,53.8516,51.0784,50.5371,51.4782,55.9017,48.2597,54.0833,58.3095,55.7584,80.2122,80.7094,83.6002,52.4309,48.7647,13,93.4345,69.2892,101.71,127.632,113.031,96.4624,86.406,48.5077,77.026,96.3379,127.738,100.568,80.6598,84.2021,103.078,75.6637,106.93,123.369,94.8947,104.547,126.246,134.648,123.794,74.7329,56.0357,90.6091,37.6431,112.04,109.33,115.521,110.923,77.0779,73.8783,90.6201,97.2471,69.7209,73.6817,124.952,77.8203,86.977,112.272,97.5295,119,107.336,84.534,90.377,65.5134,98.9798,95.0368,113.53
42,46.0977,45,47.2652,47,50.01,52.9528,52.2398,75.8222,72.6223,74.2024,71.2811,79.6492,73.7835,79.0569,80.7094,78.032,83.2406,79.0569,74.3303,84.4334,75.0267,85.0941,75.7694,86.1626,61.7171,57.3062,60.4152,55.0364,58.8727,54.231,58.5235,62.6418,53.1413,0,2,3.60555,7.07107,8.60233,7,13.4536,13,12,12.3693,47.0956,49.2544,76.3217,83.8153,77.1622,50.2494,87.9659,44.5982,59.1692,101.4,74.4043,63.0317,60.4152,25.0799,33.6006,56.4004,85.4225,94.541,73.5527,71.0634,73.4098,57.28,78.6003,89.1964,53.8238,68.0147,105.309,106.405,73.1095,41.0488,20.8806,80.8084,32.2025,65.4599,58.0086,78.8733,82.801,52.3927,65.3758,62.1289,75.1332,33.8378,45.618,84.9058,89.4427,47.5079,78.492,73.4302,92.2009,75.8222,62.2415,64.4981,14.5602,65.8559,54.4059,78.5684
40,44.1475,43,45.2769,45,48.0521,50.9902,50.2494,74.3303,71.0634,72.6223,69.6348,78.1025,72.111,77.4209,79.0569,76.3217,82.7103,78.4474,73.6817,83.8153,74.3303,84.4334,75.0267,85.44,62.6498,58.3095,61.2699,55.9017,59.6154,55.0364,59.2368,63.2456,53.8516,2,0,3,5.83095,7.07107,5,12.2066,11.1803,10,10.4403,45.0999,47.2652,74.6257,83.2406,76.5376,50.4876,89.9444,46.4866,60.208,103.005,75.6042,64.5368,62.1772,27.074,34.8281,57.6281,86.3539,96.5091,75.5381,73.0068,75,59.203,80.2122,90.5539,55,69.3542,107.042,107.935,73.2462,42.72,22.8035,82.7647,34.0147,66.1287,58.0775,80.1561,84.4038,54.231,67.3647,63.8122,76.922,35.5106,47.4236,85.9826,91.4112,48.8365,79.9062,75.1798,93.8136,77.3369,64.0781,66.242,15.2315,67.3573,55.6058,79.9312
40.1123,43.566,43.1045,45.0444,45.0999,47.5184,50.4876,50.04,72.3464,69.2026,70.8025,67.9559,76.2168,70.4911,75.7166,77.3886,74.793,79.8123,75.5844,70.8378,80.9568,71.5122,81.5966,72.2357,82.6378,60.0333,55.7584,58.5918,53.2353,56.8595,52.3259,56.4624,60.407,51.0784,3.60555,3,0,3.60555,5.38516,5.83095,9.89949,10.198,10.4403,10,45,47.0425,73.0616,80.3617,73.6817,47.5184,90.4268,47.5395,62.7694,104.809,78.0064,66.5282,63.6318,27.0185,37.2022,60,89.0056,97.0824,75.9539,73.7631,76.8375,60.0833,82.0061,92.7631,57.4282,71.5891,108.559,109.877,76.2365,44.4072,23.7697,83.4326,32.8938,68.9493,61.0737,82.4621,86.2148,55.4617,67.7422,65.4599,78.2943,37.2022,48.7647,88.5099,90.934,51.0882,82.0366,76.6616,95.6033,79.3095,65.307,67.7422,18.0278,69.3542,58.0086,82.134
37.3363,40.3113,40.3113,42,42.2966,44.2832,47.2652,47,68.7677,65.6049,67.2012,64.3506,72.6223,66.888,72.111,73.7835,71.1969,77.1298,72.8011,68.0074,78.1601,68.6222,78.7464,69.2892,79.712,59.9083,55.8032,58.3095,53,56.356,51.9711,55.9017,59.6154,50.5371,7.07107,5.83095,3.60555,0,2,5.38516,6.40312,7,8.60233,7.28011,42.0476,44,69.4622,77.6209,70.8802,46.0977,93.7443,51.0784,66.0379,108.407,81.4002,70.0928,67.2309,30.1496,40.6079,63.4114,92.1792,100.439,79.2465,77.201,80.4301,63.5689,85.6037,96.2601,60.803,75.0733,112.161,113.455,78.5175,48.0104,27.313,86.8332,35.171,71.8679,63.2851,85.9127,89.8109,59.0339,71.0211,69.0652,81.8841,40.8044,52.3546,91.8096,93.6483,54.5619,85.5628,80.2621,99.2018,82.8794,68.8767,71.3442,21.0238,72.9178,61.4003,85.6329
35.3553,38.3275,38.3275,40,40.3113,42.2966,45.2769,45,67.2681,64.0312,65.6049,62.6817,71.0634,65.192,70.4557,72.111,69.4622,76.6877,72.2772,67.4463,77.6209,68.0074,78.1601,68.6222,79.0569,61.0328,57.0088,59.3633,54.0833,57.3062,53,56.8243,60.4152,51.4782,8.60233,7.07107,5.38516,2,0,5,5.38516,5,7.07107,5.38516,40.05,42,67.7422,77.1298,70.342,46.5725,95.7079,52.9245,67.1193,110,82.6196,71.5891,68.9638,32.1403,41.8688,64.6607,93.1504,102.391,81.2158,79.1202,82.0061,65.4599,87.2009,97.6217,62.0081,76.4199,113.877,114.978,78.7718,49.6488,29.1548,88.7694,37.108,72.6154,63.5059,87.2067,91.4002,60.8358,72.9932,70.7248,83.6481,42.4382,54.1202,92.9139,95.6347,55.9017,86.977,81.9878,100.802,84.386,70.6824,73.0616,21.9545,74.411,62.6259,87
35,39.2938,38,40.3113,40,43.1741,46.0977,45.2769,70.7107,67.2681,68.7677,65.6049,74.3303,68.0074,73.4098,75,72.111,81.5843,77.1298,72.2772,82.4621,72.8011,82.9699,73.3757,83.8153,65.192,61.0328,63.6318,58.3095,61.7171,57.3062,61.2699,65,55.9017,7,5,5.83095,5.38516,5,0,10.198,7.07107,5,5.83095,40.1123,42.2966,70.4557,82,75.1864,51.4198,94.8947,51.2445,63.0079,107.075,78.7464,68.4105,66.6408,32.0624,38.1838,60.8769,88.8369,101.435,80.5047,77.8781,79.0569,64.0312,84.3149,94.0479,58.1378,72.8354,111.414,111.826,73.8241,47.0106,27.6586,87.6641,38.6264,68.0294,58.5491,83.4865,88.4816,58.8727,72.3395,68.0955,81.4371,39.8246,52,88.8144,96.3379,52.345,83.5464,79.6053,97.9081,81.2158,68.7095,70.6612,17.8045,71.218,58.7963,83.4506
34.4819,36,37.3631,38.3275,39.2938,40,43,43.2897,62.482,59.4054,61.0328,58.3095,66.4003,60.9016,66.0379,67.7422,65.2993,71.3863,66.9403,62.0967,72.2772,62.6418,72.8011,63.2456,73.6817,58.258,54.4885,56.4004,51.225,54.0833,50,53.535,56.8243,48.2597,13.4536,12.2066,9.89949,6.40312,5.38516,10.198,0,5.83095,10.4403,7.61577,38.6394,40.3113,63.5295,71.8053,65,42.3792,98.7168,56.7979,72.4017,114.634,87.8009,76.4199,73.2462,34.9285,47.0106,69.814,98.4886,105.513,84.1724,82.5409,86.6833,69.0797,91.8314,102.65,67.2012,81.4678,118.191,119.754,84.0119,54.2033,33.121,92.0489,38.2099,78,68.7314,92.3147,96.0469,64.8845,75.9276,75.213,87.818,47.0106,58.3095,98.1835,97.1854,60.959,91.9348,86.2844,105.423,89.1964,74.7061,77.3886,27.2947,79.2465,67.8012,92.0217
30.4138,33.3766,33.3766,35,35.3553,37.3363,40.3113,40,63.6396,60.208,61.7171,58.6003,67.2681,61.0328,66.4003,68.0074,65.192,75.8024,71.1969,66.2873,76.4853,66.7083,76.9025,67.1863,77.6209,64.0312,60.208,62.2013,57.0088,59.9083,55.8032,59.3633,62.6498,54.0833,13,11.1803,10.198,7,5,7.07107,5.83095,0,5,2,35.0571,37,63.5138,76.1183,69.2315,48.1041,100.623,57.5847,70,114.039,85.7963,75.4321,73.3553,37.1214,45.2548,67.9412,95.7183,107.28,86.1452,83.9345,86.0233,70.214,91.2634,101.119,65.192,79.9062,118.207,118.849,79.6241,53.8516,33.8378,93.6216,41.9762,74.686,64.3273,90.5539,95.4411,65.3911,77.9295,74.9466,88.1022,46.6476,58.6003,95.8019,100.603,59.4138,90.6091,86.3539,104.862,88.2383,75.2396,77.4145,24.8395,78.2432,65.8559,90.5207
30,34.4819,33,35.3553,35,38.3275,41.2311,40.3113,67.2681,63.6396,65.0692,61.7171,70.7107,64.0312,69.527,71.0634,68.0074,80.7527,76.1183,71.1969,81.3941,71.5891,81.7863,72.0347,82.4621,68.0074,64.0312,66.2873,61.0328,64.1405,59.9083,63.6318,67.082,58.3095,12,10,10.4403,8.60233,7.07107,5,10.4403,5,0,3,35.1283,37.3363,66.4003,81.0494,74.1485,52.811,99.8499,56.0446,66.0681,111.221,82.0731,72.4224,71.1758,37.054,41.8688,64.3506,91.526,106.367,85.4751,82.7647,83.2166,68.884,88.5099,97.6729,61.5224,76.4853,115.836,115.802,74.7329,51.4296,32.5576,92.5743,43.3244,70.2353,59.439,86.977,92.6499,63.5689,77.3175,72.4707,86.0058,44.2832,56.648,91.8314,101.272,56.0803,87.3212,84.0952,102.083,85.2115,73.3894,75.1532,21.2603,75.213,62.2254,87.1149
30.1496,33.7343,33.1361,35.0571,35.1283,37.6563,40.6079,40.05,65.0692,61.5549,63.0317,59.8164,68.6222,62.2013,67.624,69.2026,66.2873,77.7817,73.1642,68.2495,78.4474,68.6586,78.8543,69.1231,79.555,65.6049,61.7171,63.8201,58.6003,61.5873,57.4282,61.0574,64.4127,55.7584,12.3693,10.4403,10,7.28011,5.38516,5.83095,7.61577,2,3,0,35,37.054,64.6375,78.0897,71.1969,49.98,100.285,56.921,68.4105,112.894,84.2912,74.2024,72.45,37.0135,43.8634,66.4831,94.0319,106.888,85.8429,83.4326,84.8764,69.6419,90.1388,99.7246,63.7024,78.5175,117.239,117.614,77.666,52.8394,33.2415,93.1719,42.45,72.8972,62.3699,89.1067,94.3027,64.622,77.6466,73.9256,87.2353,45.6508,57.7754,94.2019,100.841,58.0517,89.2749,85.4225,103.73,87.0057,74.4648,76.4788,23.3452,77.0065,64.3817,89.1403
5.83095,7.28011,3.60555,2,3,7.28011,8.60233,5.38516,48.0521,43.1741,43.6807,38.8973,49.3356,39.9249,45.6946,46.5188,42.0595,80.6536,75.2861,70.5195,79.555,69.9214,79.0759,69.3758,78.4474,91.2634,88.5099,88.8144,84.3149,85.6037,82.662,84.8116,86.4523,80.2122,47.0956,45.0999,45,42.0476,40.05,40.1123,38.6394,35.0571,35.1283,35,0,2.82843,41.1461,80.0812,73.3757,70.0928,134.952,90.802,94.0479,143.108,110.68,104.216,104.995,72.0069,73.4098,94.1541,116.778,141.421,120.599,117.712,115.451,103.755,120.83,127.318,91.0659,106.677,148.93,146.86,91.526,85.0706,67.6018,127.577,76.7919,94.0691,77.6209,116.211,124.812,97.9847,112.446,105.688,119.854,78.1601,90.956,118.697,135.624,87.2067,117.835,117.652,134.183,116.726,107.703,108.784,53.7587,106.888,91.9239,117.137
8.60233,6.40312,6.40312,2,5.38516,5,5.83095,3,45.7056,40.7922,41.2311,36.4005,46.8402,37.3363,43.0813,43.8634,39.3573,79.3788,74,69.2892,78.1601,68.6222,77.6209,68.0074,76.9025,91.8096,89.1852,89.3085,84.9058,86.0233,83.2166,85.2115,86.6833,80.7094,49.2544,47.2652,47.0425,44,42,42.2966,40.3113,37,37.3363,37.054,2.82843,0,38.4838,78.7464,72.111,70.2922,137.186,93.1719,96.8349,145.794,113.464,106.888,107.517,74.0608,76.0592,96.8969,119.604,143.694,122.801,120.033,118.106,106.099,123.483,130.085,93.8136,109.417,151.539,149.586,94.3027,87.5957,69.8713,129.877,78.5175,96.8969,80.4301,118.983,127.475,100.424,114.63,108.268,122.381,80.6536,93.4077,121.511,137.441,89.8944,120.569,120.208,136.854,119.419,110.164,111.328,56.3028,109.567,94.6678,119.887
46.1411,36.0555,44.7214,39.3573,43.8634,34,32.6956,37.3363,12.8062,9.43398,7.81025,6,10.4403,3,5,5.38516,2,58,53.1507,50,55.1725,48.4149,53.8145,46.8615,51.8556,94.2019,93.5361,91.2414,88.5664,87.2983,86.5794,86.3134,85.3756,83.6002,76.3217,74.6257,73.0616,69.4622,67.7422,70.4557,63.5295,63.5138,66.4003,64.6375,41.1461,38.4838,0,56.5685,51.8556,70.7107,160.975,120.308,131.552,177.53,147.922,138.809,136.693,97.6934,108.231,130.484,155.795,167.967,146.441,145.619,149.513,132.424,154.768,163.893,127.562,142.762,181.618,182.2,132.401,117.346,96.6488,154.871,97.5295,133.417,118.152,153.056,158.937,128.413,138.235,138.438,151.327,110.136,121.803,156.984,154.871,122.442,153.675,149.723,168.363,151.605,138.235,140.801,87.6185,141.605,128.316,153.388
81.7863,72.8011,82.4621,78.1601,82.9699,74,75.0267,79.712,43.8634,47.4236,48.7955,52.4976,47.634,54.4885,53.1507,54.6717,58,2,5,10,2,10.198,4,10.7703,7,58.6003,60.9016,55.9017,56.6039,52.3546,54.9181,51.4782,47.4236,52.4309,83.8153,83.2406,80.3617,77.6209,77.1298,82,71.8053,76.1183,81.0494,78.0897,80.0812,78.7464,56.5685,0,7,42.4264,145.578,116.25,142.077,176.4,156.08,141.662,134.034,92.6499,116.078,138.224,168.618,152.751,132.382,135.074,150.047,124.964,154.509,168.941,136.059,148.529,176.479,182.858,155.724,118.701,97.0618,142.215,85.276,149.265,140.428,159.706,158.685,124.619,125.176,137.568,146.492,112.294,119.817,167.344,129.865,128.81,157.785,146.209,167.41,153.701,133.225,138.221,98.3717,144.402,136.473,158.518
74.9533,66.0984,75.6902,71.4703,76.243,67.4166,68.542,73.1642,39.4081,42.5206,44.0454,47.3814,43.566,49.5782,48.8262,50.4777,53.4135,7.28011,2,3,7.28011,3.60555,8.06226,5,9.89949,55.9732,57.7754,53.1413,53.2259,49.3964,51.4296,48.4665,44.9222,48.7647,77.1622,76.5376,73.6817,70.8802,70.342,75.1864,65,69.2315,74.1485,71.1969,73.3757,72.111,51.8556,7,0,37.8021,141.209,110.603,135.65,170.857,149.833,135.68,128.406,86.8389,109.659,131.928,162.163,148.405,127.781,130.138,144.267,119.67,148.809,162.929,129.711,142.394,171.266,177.2,148.852,112.681,90.9175,137.535,79.9812,142.622,133.555,153.561,153.003,119.017,120.416,131.826,141.113,106.174,114.039,161.012,126.562,122.544,151.793,140.72,161.818,147.828,127.781,132.612,91.7061,138.438,130.146,152.463
68.6222,64.0312,70.7107,68.7677,72.1388,67.2012,69.6348,72.6223,62,62.2013,64.195,64.7765,67,67.7422,70.1783,72.1734,72.6911,41.0366,39.0512,36.0555,43.8634,37.7359,45.3431,39.4462,47.634,23.5372,23,20.6155,18,16.7631,16,15.8114,16.4012,13,50.2494,50.4876,47.5184,46.0977,46.5725,51.4198,42.3792,48.1041,52.811,49.98,70.0928,70.2922,70.7107,42.4264,37.8021,0,103.407,74.793,104.048,134.525,116.709,101.134,92.4392,52,78.4474,99.3277,130.507,110.603,90.0278,92.6553,108.784,82.801,113.018,128.378,97.5295,108.632,134.183,141.198,123.004,78.5493,57.9741,99.8248,43.2666,113.137,108.074,119.775,117.137,83.006,82.7587,96.2549,104.403,72.7324,78.7147,128.39,89.6939,89.8443,117.201,104.293,125.642,112.712,91.2634,96.566,64.0078,103.788,97.8008,118.186
129.653,133.989,132.639,135.204,134.629,137.931,140.89,140.161,157.178,155.242,157.099,155.322,161.771,158.146,162.69,164.56,162.865,144.045,142.436,139.402,147.122,141.014,148.678,142.636,151.03,90.0278,86.3134,92.0217,89.8053,94.7629,91.2414,95.462,100.449,93.4345,87.9659,89.9444,90.4268,93.7443,95.7079,94.8947,98.7168,100.623,99.8499,100.285,134.952,137.186,160.975,145.578,141.209,103.407,0,45.0444,68.5055,48.3735,63.7024,49.4065,37.5766,63.7887,68.4471,61.9112,79.2023,7.2111,14.5602,18.4391,43.1856,32.1403,41.6173,59.4811,64.0078,56.6392,40.1995,56.3205,102.416,53.9351,67.3647,8.94427,63.9766,82.201,97.0618,60.6053,42.5441,39.8121,22.8035,40.8167,29,59.3043,46.5296,72.4224,29.0172,60.5392,53.6004,32.5269,43.9659,47.634,32.311,36.3593,83.006,49.0408,63.1348,56.4004
85.3288,90.5207,88.2836,91.2195,90.2552,94.3716,97.2677,96.1041,118.431,115.763,117.478,115.004,122.642,117.648,122.674,124.423,122.09,115.109,112.201,108.231,117.414,109.481,118.6,110.752,120.42,71.3863,66.4906,72.0347,67.72,73.0821,68.3081,73.3757,78.7464,69.2892,44.5982,46.4866,47.5395,51.0784,52.9245,51.2445,56.7979,57.5847,56.0446,56.921,90.802,93.1719,120.308,116.25,110.603,74.793,45.0444,0,37.9473,60.3075,45.0444,27.4591,17.8045,24.0416,25.0599,31.0483,61.0737,51.0392,31.5753,27.074,34,13.0384,38.2753,54.0833,31.0161,36.1248,62.0081,66.6108,69.3397,11.3137,23.7697,37.054,31.7805,51.4782,59.4138,46.6905,42.4382,8.48528,24.3516,21.4709,31.4006,14.5602,5.09902,57.0789,55.4707,23.7065,43.0116,30.4138,51.225,38.0789,18.0278,22.0227,38.0132,29.8329,30.6757,44.3847
88.2326,96.6747,90.6973,95.2103,92.358,99.8098,102.201,99.2975,133.304,129.557,130.908,127.287,136.62,129.402,135.059,136.473,133.004,141.315,137.481,132.914,142.864,133.754,143.673,134.618,144.931,106.019,101.02,106.118,101.242,106.381,101.4,106.471,111.647,101.71,59.1692,60.208,62.7694,66.0379,67.1193,63.0079,72.4017,70,66.0681,68.4105,94.0479,96.8349,131.552,142.077,135.65,104.048,68.5055,37.9473,0,51.9711,16.6433,19.2354,31.8277,53.2353,26,7.2111,26.5707,71.5891,60.1082,51.7397,28.6356,43.0116,33.2415,33.541,7.07107,15,61.0328,54.0833,34.0588,28.2843,46.0977,59.6406,65.0077,14.2127,29.8329,22.3607,36.0139,34.9857,56.2228,27.8029,40.7185,32.0624,32.8938,25.807,88.6172,15.0333,25.4951,37.1618,44.1814,27.0185,37.4833,32.2025,45.2217,20.2485,7.28011,24.0416
