0,27.2029,27.6586,17.0294,7.81025,20.2237,29.8329,11.4018,34.0588,61.0328,33.2415,42.4853,36.4005,45.1774,66.1891,54.7083,29.7321,87.0919,89.4707,83.1685,87.0517,74.2428,71.8401,63.1506,98.7168,86.764,106.066,77.7946,79.3977,93.9415,104.235,74.411,74.027,93.5094,37.1618,37.6431,36.6742,29.2746,54.0833,50.0899,23.3452,57.6975,22.3607,27.4591,16.7631,22.561,46.5188,106.231,72.9932,74.7061,151.529,153.951,139.521,113.846,125.642,138.928,156.08,176.298,170.135,134.466,113.649,134.373,148.933,145.399,140.431,140.528,127.883,120.441,131.883,115.378,115.135,106.283,142.948,165.124,185.569,157.892,178.941,141.993,134.38,128.95,118.106,141.662,147.648,142.338,146.492,161.137,165.68,130.668,163.169,133.297,132.774,130.384,119.218,124.31,135.03,119.403,175.026,134.529,149.094,119.281
27.2029,0,52.6972,26.5707,34.0147,25.9422,16.5529,29.8329,10,36.4005,6.08276,16.2788,9.43398,22.4722,39.6611,29,2.82843,68.0074,71.7008,62.9682,61.9839,58,51.3128,41.1825,76.5572,86.8332,104.048,69.857,72.8011,94.0479,96.6075,68.0074,62.7694,85.9069,43.4166,46.4866,55,43.0465,68.4471,64.846,43.1393,60.0083,37.2022,46.7547,43.9659,13.6015,20,87.0919,50.1597,74.5453,124.326,127.424,113.851,86.8159,99.8098,111.79,129.294,149.723,143.951,109.622,87.1321,107.201,121.807,118.309,113.741,113.596,100.688,94.0319,105.683,89.6437,87.9318,79.1202,119.004,138.571,159.223,130.729,152.053,117.38,110.752,101.98,91.2414,115.378,120.748,115.135,119.331,134.629,139.521,105.119,136.132,106.677,105.702,103.247,92.0272,97.1442,107.838,92.3093,149.03,108.6,122.642,93.723
27.6586,52.6972,0,42.4853,19.8494,46.0652,57.4891,23.2594,56.8595,81.2527,58.3095,68.8186,62.1289,65.2534,92.358,81.4002,55.4707,99.6092,100.449,97.1288,106.532,85,87.0057,80.5047,114.018,79.9062,99.7246,80.0562,80.1311,86.3713,103.73,75.591,80.0062,93.8136,35.4683,32.6497,18.6011,23.4094,36.2491,32.6497,14.1421,53.0094,22.0227,14.3178,16.1245,43.0813,72.6705,117.712,90.4489,69.527,175.482,180.094,166.4,139.119,152.411,163.719,181.835,202.371,196.644,161.722,139.818,157.889,172.029,170.394,166.355,166.003,151.714,146.728,158.373,142.201,139.316,131.046,170.449,191.23,211.917,181.221,204.472,169.331,161.929,154.353,143.757,168.074,173.185,166.388,169.85,187.302,192.211,157.61,185.723,159.327,157.867,155.206,143.673,148.977,159.411,144.451,201.695,161.236,175.328,146.209
17.0294,26.5707,42.4853,0,23.7697,3.60555,18.9737,28.0713,36.2491,62.9365,32.0156,37.054,33.2415,48.7545,59.439,47.2969,27.8927,93.8136,97.0824,89.0674,88.295,82.6196,77.4145,67.5426,103.078,101.951,120.83,90.2109,92.358,109.202,117.068,87.367,84.9588,106.254,52.8867,53.9351,53.6004,46.0977,71.1126,67.1193,40.3113,73.0548,39.1152,44.4072,27.8029,30.4138,41.1096,113.018,76.6942,89.6939,146.509,145.619,129.769,107.448,116.276,132.91,148.408,167.943,160.997,123.713,105.688,130.115,145,139.014,132.608,133.454,123.321,112.161,123.065,105.991,110.318,100.807,131.21,156.78,176.664,153.584,171.47,130.92,122.442,122.123,111.018,132.914,140.407,137.295,142.274,152.712,156.525,120.83,159.706,125.355,126.384,124.427,113.952,118.663,129.634,113.265,165.529,125.22,140.631,109.59
7.81025,34.0147,19.8494,23.7697,0,27.2029,37.6431,9.43398,39.8121,66.1211,39.9249,49.7393,43.382,50.04,73.4302,62.1289,36.6742,89.8443,91.7606,86.3481,92.0489,76.3217,75.3127,67.2681,102.421,83.863,103.465,77.3369,78.5175,90.9175,103.238,73.5935,74.6257,92.6553,34.4093,34,30.0666,24.6982,48.0416,44.0454,17.0294,54.9181,18.3576,21,11.0454,27.0185,53.7122,108.784,77.2334,72.111,158.114,161.245,147.054,120.83,133.135,145.774,163.248,183.576,177.553,142.127,120.934,140.801,155.242,152.315,147.648,147.597,134.406,127.769,139.284,122.886,121.758,113.088,150.695,172.409,192.938,164.283,186.046,149.683,142.144,135.989,125.22,149.04,154.742,148.946,152.882,168.44,173.104,138.221,169.319,140.545,139.714,137.233,125.936,131.103,141.739,126.317,182.497,142.004,156.416,126.827
20.2237,25.9422,46.0652,3.60555,27.2029,0,16.2788,31,35.8469,62.0322,31.0161,35.0143,31.7805,48.3735,56.8859,44.7214,26.9258,93.7443,97.2008,88.8369,87.0919,82.9759,77.1751,67.1193,102.46,104.062,122.772,91.526,93.8136,111.328,118.431,88.8369,85.9127,107.615,55.3173,56.5685,56.8859,49.0102,74.2428,70.2567,43.566,75.2861,42.0119,47.676,31.4006,31.4006,39,112.898,76.0592,91.7606,144.014,142.618,126.59,104.785,113.159,130.269,145.499,164.924,157.877,120.416,102.786,127.769,142.688,136.308,129.692,130.648,120.934,109.202,120.017,102.883,107.912,98.3107,127.801,153.769,173.566,151.199,168.573,127.581,119.017,119.369,108.24,129.865,137.568,134.807,139.918,149.693,153.405,117.648,157.458,122.43,123.693,121.807,111.463,116.103,127.098,110.635,162.361,122.102,137.615,106.438
29.8329,16.5529,57.4891,18.9737,37.6431,16.2788,0,37.5766,25.807,48.8774,19.105,19.4165,18.0278,37.4833,40.6079,28.4429,15.8114,82.8794,86.977,77.4661,72.8011,73.8783,65.9469,55.4437,89.6939,102.772,120.333,86.406,89.3197,110.023,113.159,84.5044,79.2591,102.46,57.1402,59.5399,64.4748,54.1202,80.0812,76.243,51.4296,75.2396,47.4342,55.4617,44.8219,28.1603,23.1948,101.671,63.5138,90.4268,127.738,126.716,111.14,88.5268,97.5295,114.004,129.449,149.054,142.239,105.437,86.7295,111.544,126.479,120.071,113.653,114.481,104.69,93.2309,104.216,87.2353,91.6624,82.0366,113.455,137.884,157.867,134.952,152.506,112.801,104.805,103.16,92.0489,114.061,121.433,118.533,123.685,133.825,137.768,102.215,141.287,106.405,107.448,105.537,95.1893,99.8248,110.82,94.3663,146.86,106.471,121.742,90.9175
11.4018,29.8329,23.2594,28.0713,9.43398,31,37.5766,0,33.6155,58.6941,35.2278,46.0977,39.2046,42.5793,69.4046,58.7963,32.6497,80.7775,82.5409,77.4661,84.3801,67.0671,66.6108,59.0085,93.771,75.591,95.0158,68.0147,69.2965,82.7345,94.0691,64.3506,65.192,83.4386,25.9422,26.2488,26.9258,18.0278,43.4166,39.4588,13.8924,46.5296,11.0454,17.8885,19.9249,19.9249,49.8197,99.6243,69.0072,63.6318,152.279,157,143.68,115.884,129.63,140.46,158.647,179.246,173.678,139.388,116.765,134.737,148.96,147.136,143.21,142.78,128.515,123.709,135.429,119.474,116.078,107.787,148.553,168.119,188.876,158.114,181.246,147.105,140.186,131.126,120.569,145.086,149.967,143.171,146.731,164.21,169.257,134.952,162.782,136.213,134.614,131.947,120.42,125.718,136.165,121.198,178.807,138.405,152.266,123.556
34.0588,10,56.8595,36.2491,39.8121,35.8469,25.807,33.6155,0,27.2947,7.28011,17.4642,11,12.53,37.5366,29.0689,10,58.0086,61.7171,53,53.2353,48.1664,41.3401,31.305,66.8506,80.0999,96.5091,61.3514,64.56,87.2067,87.8465,59.9083,53.6656,77.2528,40.7063,44.4185,55.9017,43.1393,67.1193,63.8201,45.4863,54.7449,38.4187,48.6004,50.4876,13.8924,19.6977,77.1038,40.4969,68.0074,118.68,124.036,111.759,82.4924,97.6217,106.888,125.399,146.168,141.032,108.467,84.0238,101.193,115.521,113.6,110.114,109.417,94.921,91.0494,102.942,87.6812,82.4621,74.2428,118.6,135.093,156.013,124.619,147.851,116.387,110.68,97.7548,87.367,112.446,116.619,109.563,113.225,131.244,136.653,103.238,129.522,103.228,101.119,98.387,86.8159,92.1358,102.552,87.7097,146.349,106.217,119.403,91.9348
61.0328,36.4005,81.2527,62.9365,66.1211,62.0322,48.8774,58.6941,27.2947,0,31.0161,31.1448,30.8869,16.1245,32.0624,33.1059,35.1141,36.0555,41.1825,30,26.0192,32.3883,19.6977,10.0499,40.8167,79.404,91.5478,54.4518,58.6941,85.6154,77.3175,55.3173,44.1022,68.0074,56.0357,60.4649,76.0263,63.0714,82.4621,80,68.3081,61.6117,60.407,70.5762,77.0584,39.1152,29.0689,53.7587,14.8661,69.0797,95.7706,106.075,97.3499,63.6553,83.5284,85.8021,106.217,127.405,123.843,96.6023,68.2422,77.8267,91.3893,92.8009,91.9348,89.9389,72.2011,75.213,87.2009,74.7061,60.803,54.4518,108.337,116.692,137.902,100.722,127.613,104.657,101.592,78.5175,69.4262,95.901,97.0824,86.954,89.4707,113.137,119.67,89.6939,104.676,85.703,80.9197,77.6209,65.6049,71.218,80.7094,67.9412,129.634,91.2634,101.912,79.177
33.2415,6.08276,58.3095,32.0156,39.9249,31.0161,19.105,35.2278,7.28011,31.0161,0,11.6619,4.47214,18.3848,34.2053,24.2074,4.12311,63.8905,67.897,58.6003,56.2939,54.8179,47.0106,36.6197,71.5542,87.2067,103.755,68.6222,71.8401,94.3398,95.0789,67.1863,60.8358,84.5044,46.2385,49.6588,59.5483,47.2017,72.0694,68.6003,48.1664,61.4003,41.7732,51.6236,50,17.2047,14.8661,82.801,45.1774,75.06,118.296,121.795,108.577,80.9568,94.4934,105.849,123.548,144.062,138.452,104.661,81.5414,101.139,115.732,112.401,108.046,107.782,94.6414,88.4816,100.21,84.386,81.9085,73.1642,114.337,132.925,153.652,124.664,146.25,112.486,106.212,96.1509,85.4751,109.859,114.948,109.11,113.265,129.004,134.034,99.905,130.05,101.02,99.8098,97.3088,86.0349,91.1811,101.843,86.406,143.6,103.233,117.047,88.5268
42.4853,16.2788,68.8186,37.054,49.7393,35.0143,19.4165,46.0977,17.4642,31.1448,11.6619,0,7.2111,24.0416,23.7065,12.7279,13.4536,66.7083,71.4003,60.8769,53.7122,59.9416,49.8197,39.2046,71.6101,97,112.752,76.6877,80.2309,104.019,102.489,75.8024,68.0074,92.1792,57.7754,61.2699,71.0634,58.8218,83.7257,80.2621,59.397,72.1803,53.2635,62.9682,59.0931,28.8444,4.12311,84.8528,46.0109,85.0529,109.882,111.508,97.6166,71.5122,83.6002,96.7678,113.596,133.843,127.863,93.3488,71.1969,93.2148,108.046,103.121,97.949,98.0867,86.4928,78.032,89.5879,73.4098,73.5459,64.2884,102.825,122.674,143.21,116.726,136.473,101.119,94.6414,86.539,75.6439,99.3227,105.19,100.663,105.38,118.701,123.422,88.8651,122.691,90.824,90.4765,88.2326,77.3692,82.28,93.145,77.1622,132.88,92.4175,106.677,77.4661
36.4005,9.43398,62.1289,33.2415,43.382,31.7805,18.0278,39.2046,11,30.8869,4.47214,7.2111,0,20.2485,30.2324,19.8494,6.7082,65.0692,69.3542,59.5483,55.3624,56.8595,48.1041,37.5366,71.6938,91.0879,107.355,71.8401,75.1864,98.1835,98.0816,70.6116,63.6946,87.5957,50.6952,54.1295,63.8905,51.614,76.5376,73.0616,52.345,65.6201,46.0977,55.8659,53.1413,21.6333,10.6301,83.7377,45.4863,79.0063,115.248,117.992,104.484,77.4726,90.4268,102.528,119.883,140.293,134.525,100.409,77.6981,98.27,112.969,109.005,104.317,104.216,91.6788,84.5991,96.2601,80.2808,78.848,69.8928,109.986,129.139,149.79,121.807,142.664,108.208,101.828,92.6121,81.8413,105.948,111.36,106.042,110.422,125.196,130.096,95.7758,127.424,97.2471,96.3846,93.984,82.8613,87.9204,98.6712,83.006,139.617,99.2018,113.208,84.386
45.1774,22.4722,65.2534,48.7545,50.04,48.3735,37.4833,42.5793,12.53,16.1245,18.3848,24.0416,20.2485,0,36.7696,32.0624,22.0227,45.607,49.5177,40.4969,42.0119,36.6197,28.8444,18.7883,54.4243,74.3303,89.202,52.7731,56.4358,81.1542,78.4474,52.1536,43.9659,68.1542,42.4264,46.6905,61.0574,48.0208,69.3109,66.4831,52.5547,52,44.7772,55.0364,61.0082,23.0217,24.1868,64.6375,28.1603,62.8013,110.923,119.097,108.577,76.8375,94.4934,100.17,119.808,140.869,136.561,106.508,79.9312,93.1075,106.977,107.07,104.995,103.6,87.2067,87,99.0353,85,75.2928,68.0074,117.478,129.958,151.093,116.245,141.736,114.547,110.059,92.0054,82.2192,108.19,110.802,101.966,104.924,126.254,132.276,100.424,120.503,98.4124,94.8683,91.8096,79.925,85.44,95.3834,81.6088,142.144,102.728,114.691,89.4036
66.1891,39.6611,92.358,59.439,73.4302,56.8859,40.6079,69.4046,37.5366,32.0624,34.2053,23.7065,30.2324,36.7696,0,12.1655,36.8917,65.7875,71.4703,59.4643,43.2782,64.3817,50.9902,42.107,64.6375,110.023,123.26,86.1452,90.2718,116.559,109.371,86.5794,76.0066,100.045,77.666,81.6088,93.3381,80.6598,104.403,101.213,82.3286,88.7694,75.6902,85.703,82.7647,50.9313,19.7231,81.0062,43.9659,98.9545,87.1321,87.818,74.411,48.0833,60.3075,73.4983,89.8999,110.145,104.293,70.9366,47.5079,71.1126,86.093,79.6994,74.2428,74.4648,64.195,54.3783,66.0303,50.2494,51.1566,41.4367,81.2712,98.9798,119.57,94.4299,112.805,78.8733,73.5731,62.9682,52,75.7166,81.5414,77.9295,83.2166,95.0158,99.8649,65.7951,101.02,67.1193,67.0522,65,54.5894,59.2284,70.214,53.8516,109.403,69.029,83.006,54.4518
54.7083,29,81.4002,47.2969,62.1289,44.7214,28.4429,58.7963,29.0689,33.1059,24.2074,12.7279,19.8494,32.0624,12.1655,0,26.1725,68.9638,74.2428,62.7694,50.6063,64.846,52.8015,42.72,70.7248,106.381,121.066,84.2912,88.1419,113.217,109.041,84.0238,74.8131,99.1413,69.7711,73.4302,83.7377,71.4003,96.0417,92.6499,72.1249,82.9699,65.9469,75.6902,71.1196,41.4005,9.43398,85.8021,47.1699,94.7629,99.2975,99.2975,85,60.1664,71.0282,85.6154,101.637,121.655,115.434,80.6226,59.0339,83.2166,98.1835,91.7606,85.9069,86.3771,76.3217,65.7647,77.1751,60.803,63.2851,53.6004,90.1388,110.476,130.863,106.569,124.615,88.3912,82.0061,74.9466,63.9062,86.954,93.4077,90.0944,95.3362,106.471,110.982,76.2168,113.071,78.721,79.1202,77.1298,66.7533,71.3863,82.3772,65.9697,120.37,79.8812,94.414,64.8151
29.7321,2.82843,55.4707,27.8927,36.6742,26.9258,15.8114,32.6497,10,35.1141,4.12311,13.4536,6.7082,22.0227,36.8917,26.1725,0,67.624,71.5052,62.426,60.4152,58.1378,50.8035,40.4969,75.5844,88.5664,105.537,70.9366,74,95.7549,97.5756,69.2604,63.5295,86.9253,45.8803,49.0408,57.8014,45.793,71.1126,67.5352,45.9674,62.0725,40,49.5782,46.4866,16.1555,17.2047,86.6083,49.1935,76.3217,121.84,124.68,111.041,84.1724,97.0052,109.202,126.59,146.986,141.174,106.794,84.3801,104.785,119.436,115.694,111.018,110.923,98.2344,91.2688,102.903,86.8332,85.44,76.5506,116.181,135.831,156.461,128.32,149.372,114.551,107.935,99.3177,88.5494,112.606,118.068,112.641,116.927,131.883,136.741,102.303,133.821,103.942,103.078,100.658,89.493,94.578,105.304,89.6939,146.24,105.802,119.887,90.9065
87.0919,68.0074,99.6092,93.8136,89.8443,93.7443,82.8794,80.7775,58.0086,36.0555,63.8905,66.7083,65.0692,45.607,65.7875,68.9638,67.624,0,6,6.32456,29.6142,15.1327,16.9706,27.5862,17.4929,62.9682,67.9779,36.1248,40.3113,67.0075,48.7647,40,26.9258,42.4853,66.0303,70.1142,88.0909,77.0584,86.8332,85.9069,85.4751,59.4643,77.6466,86.1452,100.688,64.8845,65,19.2354,21.9317,57.2014,99.3579,118.962,116.09,79.6994,103.812,94.6678,116.97,137.594,136.883,118.457,88.0738,82.201,91.9348,101.548,105.603,101.533,79.0759,94.1116,104.995,97.1648,72.0902,70.6045,131.214,128.129,148.718,101.119,135,126.147,126.02,91.7878,86.0233,111.79,107.912,92.2009,91.351,125.3,133.27,110.114,101.671,101.02,92.1303,88.1192,76.9675,82.2922,88.5099,81.7068,143.126,109.768,115.871,101.435
89.4707,71.7008,100.449,97.0824,91.7606,97.2008,86.977,82.5409,61.7171,41.1825,67.897,71.4003,69.3542,49.5177,71.4703,74.2428,71.5052,6,0,12.1655,35.5106,15.5242,21.6333,32.2025,21.2132,58.7282,62.6498,32.45,36.4005,62.3699,43.0116,36.7151,24.3516,37.2156,66.1211,70.0286,88.0227,77.5242,85.5102,84.8528,86.3134,57.7235,78.6448,86.7006,102.46,67.6018,69.8928,17.2627,27.5136,53.8516,104.019,124.338,121.84,85.44,109.659,99.8499,122.188,142.688,142.215,124.338,93.9415,87.0919,96.3328,106.677,111.086,106.888,84.22,99.925,110.725,103.097,77.6209,76.4003,137.117,133.36,153.834,105.418,139.846,132.004,131.973,97.3088,91.7606,117.393,113.177,97.0824,95.901,130.599,138.654,115.953,105.551,106.626,97.509,93.4719,82.4621,87.7268,93.6483,87.3155,148.476,115.521,121.334,107.355
83.1685,62.9682,97.1288,89.0674,86.3481,88.8369,77.4661,77.4661,53,30,58.6003,60.8769,59.5483,40.4969,59.4643,62.7694,62.426,6.32456,12.1655,0,24.3516,15.2643,11.6619,22.0227,17.2627,66.2193,72.6154,39.0512,43.4166,70.7248,54.1295,42.4264,29,47.1699,64.4981,68.7314,86.5794,75.06,86.6487,85.44,83.0542,59.9333,75.1066,84.006,97.2934,60.7454,59.0339,24.2074,15.6525,59.4643,96.2081,114.612,111,74.6726,98.4937,90.6973,112.898,133.701,132.593,113.031,82.7103,78.7464,89.1964,97.6524,101.074,97.2471,75.213,88.8876,99.96,91.5915,67.5352,65.4599,125.718,124.02,144.779,98.4937,131.503,120.785,120.354,87.2067,80.9938,107.019,103.774,88.7299,88.3912,121.078,128.891,104.809,99.6243,96.2549,87.818,83.863,72.4707,77.8974,84.6286,76.9675,138.798,104.676,111.364,95.901
87.0517,61.9839,106.532,88.295,92.0489,87.0919,72.8011,84.3801,53.2353,26.0192,56.2939,53.7122,55.3624,42.0119,43.2782,50.6063,60.4152,29.6142,35.5106,24.3516,0,37.4433,24.7588,26.5707,21.9317,89.5879,96.933,62.434,66.888,94.5145,78.339,65.215,51.8652,71.5122,78.3901,82.8553,99.6243,86.977,103.446,101.533,93.1719,79.0253,85.1469,95.0789,103.019,65.0308,50.5371,39.5601,17.4929,81.6884,74.6525,90.7359,86.6487,50.3289,74.2159,67.4759,89.4036,110.422,108.757,88.8426,58.4637,56.7274,68.7968,74.5185,77.026,73.4983,52.345,64.56,75.6108,67.6018,43.566,41.1096,101.607,100.439,121.4,78.2304,108.931,96.5401,96.5194,63.1348,56.648,82.7647,80.2122,66.5282,67.424,97.3499,104.957,80.5233,80.9568,72.0139,64.0703,60.2163,48.5489,54.0833,61.6198,52.7731,114.909,80.3243,87.3212,71.8471
74.2428,58,85,82.6196,76.3217,82.9759,73.8783,67.0671,48.1664,32.3883,54.8179,59.9416,56.8595,36.6197,64.3817,64.846,58.1378,15.1327,15.5242,15.2643,37.4433,0,14.3178,22.3607,31.9531,52.1536,60.8769,25.0599,29.5296,57.2451,45.0444,27.8029,14.4222,36.2215,51,55.0364,73.0274,62.2013,71.8401,70.8308,70.859,44.7772,63.1506,71.3442,86.977,52.6972,59.0931,32.7567,22.8035,44.5533,111.018,128.16,123.167,87.2067,110.136,104.809,126.827,147.801,146.185,124.278,94.3398,93.3809,104.235,111.826,114.39,110.941,89.4986,100.846,112.308,102.489,80.9938,77.8203,136.682,137.877,158.808,113.569,146,132.189,130.729,100.499,93.4719,119.883,117.644,103.325,103.325,134.792,142.359,116.456,114.856,109.179,101.514,97.6524,85.9826,91.526,98.8585,90.05,152.322,116.867,124.68,106.902
71.8401,51.3128,87.0057,77.4145,75.3127,77.1751,65.9469,66.6108,41.3401,19.6977,47.0106,49.8197,48.1041,28.8444,50.9902,52.8015,50.8035,16.9706,21.6333,11.6619,24.7588,14.3178,0,10.6301,27.1662,65.7647,75.1864,39,43.4626,71.1758,59.0085,41.1825,28.2312,50.4876,55.7853,60.1664,77.666,65.6201,79.6241,78,73.0616,54.4059,65.0308,74.3303,86.3134,49.3356,48.2597,35.805,8.544,57.2014,99.3579,114.856,109.165,73.4302,96.0052,92.0978,113.851,134.952,132.88,110.055,80.2309,81.4678,93.2309,99.1564,100.955,97.8008,77.0779,86.8159,98.387,88.2326,67.8012,64.0078,122.413,124.808,145.866,102.65,133.66,117.987,116.417,87.0919,79.6492,106.174,104.637,91.2853,92.0054,121.606,128.969,102.318,104.809,95.5249,88.4081,84.6463,72.8011,78.4092,86.3134,76.5506,138.957,102.883,111.221,92.6553
63.1506,41.1825,80.5047,67.5426,67.2681,67.1193,55.4437,59.0085,31.305,10.0499,36.6197,39.2046,37.5366,18.7883,42.107,42.72,40.4969,27.5862,32.2025,22.0227,26.5707,22.3607,10.6301,0,35.7351,70.2282,81.7435,44.7214,49.0306,76.243,67.2681,45.8803,34.2345,58,51.8941,56.3649,73.0548,60.4401,77.3886,75.2928,66.9104,54.4885,58.8558,68.6586,78.3135,40.6079,37.7359,46.2277,10,60.3738,100.125,112.805,105.309,70.6045,91.7061,91.351,112.45,133.66,130.729,105.19,76.1577,82.0975,94.8947,98.4124,98.7168,96.2081,77.0065,83.006,94.8736,83.2586,66.4831,61.2209,117.175,123.167,144.361,104.317,133.207,113.217,110.68,85.0412,76.6094,103.228,103.247,91.6079,93.2952,119.754,126.657,97.949,107.424,92.8009,86.977,83.4506,71.4213,77.0779,85.9127,74.411,136.653,99.1262,108.853,87.7268
98.7168,76.5572,114.018,103.078,102.421,102.46,89.6939,93.771,66.8506,40.8167,71.5542,71.6101,71.6938,54.4243,64.6375,70.7248,75.5844,17.4929,21.2132,17.2627,21.9317,31.9531,27.1662,35.7351,0,79.9312,83.2166,53.4135,57.4891,83.5464,62.6099,57.4282,44.4185,58.0086,81.7435,85.9884,103.817,92.1954,103.74,102.616,100,76.6942,92.0054,101.079,113.437,76.1577,69.029,18.1108,26.4008,74.6324,83.006,104.547,103.755,67.6018,92.4392,79.6241,101.98,122.188,122.25,107.378,77.1038,66.3702,75.1665,86.3134,91.7061,87.0919,63.9766,82.4924,92.5743,87,58.6941,59.1354,120.337,113.159,133.36,84.22,118.983,114.739,116.004,78.1601,73.8241,98.4937,93.1075,76.3217,74.8131,110.571,118.849,98.6154,84.386,87.8009,77.8332,73.736,63.3246,68.3081,73.3485,68.6586,128.55,97.4936,101.843,91.022
86.764,86.8332,79.9062,101.951,83.863,104.062,102.772,75.591,80.0999,79.404,87.2067,97,91.0879,74.3303,110.023,106.381,88.5664,62.9682,58.7282,66.2193,89.5879,52.1536,65.7647,70.2282,79.9312,0,19.8494,27.2029,22.8035,7.28011,30.0167,24.5967,37.7359,25.2982,49.6488,49.93,61.5549,59.6406,47.5079,49.6488,69.2026,29.0689,65.5134,66.7083,90.802,74.7329,98.0816,70.4911,74.2428,12.3693,162.274,180.314,174.866,139.187,161.549,156.822,178.922,199.832,198.338,175.308,145.836,144.941,154.897,163.808,166.532,163.083,141.4,152.506,164.137,153.388,133.147,129.769,187.387,189.995,210.874,164.055,197.717,183.308,180.892,152.643,145.413,171.919,169.753,154.932,154.311,186.936,194.51,167.839,164.268,161.245,153.652,149.773,138.134,143.67,150.801,142.172,204.475,168.6,176.819,157.848
106.066,104.048,99.7246,120.83,103.465,122.772,120.333,95.0158,96.5091,91.5478,103.755,112.752,107.355,89.202,123.26,121.066,105.537,67.9779,62.6498,72.6154,96.933,60.8769,75.1864,81.7435,83.2166,19.8494,0,37.1214,33.0151,13.6015,22.0227,37.054,47.5184,25.4951,69.1158,69.6348,81.3204,79.404,66.6108,69.029,89.0225,48.5489,85.1469,86.5563,110.603,92.6553,113.358,70.0928,83.678,31.3847,166.148,186.936,183.521,147.258,170.763,162.496,184.838,205.292,204.841,185.054,154.952,149.566,158.003,169.307,173.566,169.499,146.86,161.307,172.525,163.322,140.036,137.993,197.525,196.01,216.449,166.817,202.193,192.925,191.604,159.731,153.574,179.627,175.824,159.531,157.867,193.238,201.246,177.088,165.849,168.861,160.103,156.083,144.931,150.27,156.285,149.563,211.092,177.2,183.84,167.72
77.7946,69.857,80.0562,90.2109,77.3369,91.526,86.406,68.0147,61.3514,54.4518,68.6222,76.6877,71.8401,52.7731,86.1452,84.2912,70.9366,36.1248,32.45,39.0512,62.434,25.0599,39,44.7214,53.4135,27.2029,37.1214,0,4.47214,32.2025,26.9258,5,10.7703,16.1245,44.7772,47.4236,64.195,56.8243,57.0351,57.3149,66.7308,29.2746,60.4649,65.7419,86.6083,60.208,76.9415,46.4866,47.5395,21.4709,135.207,153.17,148.142,112.254,135.004,129.619,151.727,172.63,171.19,149,119.231,117.796,127.988,136.605,139.431,135.912,114.202,125.801,137.321,127.138,106,102.859,161.276,162.807,183.674,137.208,170.552,156.952,155.081,125.539,118.512,144.941,142.562,127.781,127.311,159.765,167.386,141.315,137.768,134.239,126.479,122.589,110.982,116.503,123.6,115.104,177.341,141.852,149.723,131.575
79.3977,72.8011,80.1311,92.358,78.5175,93.8136,89.3197,69.2965,64.56,58.6941,71.8401,80.2309,75.1864,56.4358,90.2718,88.1419,74,40.3113,36.4005,43.4166,66.888,29.5296,43.4626,49.0306,57.4891,22.8035,33.0151,4.47214,0,27.7308,24.8395,5,15.2315,14.1421,45.2217,47.5079,63.6946,57.1402,55.3263,55.9017,67.1193,28.1603,61.2209,65.8635,87.4586,62.6498,80.6226,49.7695,52,18.0278,139.517,157.623,152.611,116.726,139.463,134.034,156.157,177.045,175.642,153.444,123.693,122.147,132.231,141.014,143.892,140.357,118.6,130.269,141.792,131.575,110.454,107.331,165.705,167.242,188.096,141.428,174.917,161.4,159.48,130,122.984,149.412,146.997,132.136,131.59,164.21,171.843,145.774,141.873,138.708,130.924,127.028,115.434,120.95,128.004,119.57,181.797,146.322,154.185,136.015
93.9415,94.0479,86.3713,109.202,90.9175,111.328,110.023,82.7345,87.2067,85.6154,94.3398,104.019,98.1835,81.1542,116.559,113.217,95.7549,67.0075,62.3699,70.7248,94.5145,57.2451,71.1758,76.243,83.5464,7.28011,13.6015,32.2025,27.7308,0,28.6356,30.3645,42.9535,26.6271,56.7979,56.9386,67.897,66.5733,53.0094,55.4437,76.0263,36.2491,72.5603,73.4098,97.6524,82,105.019,72.8011,79.7057,19.6469,166.331,185.219,180.336,144.451,167.156,161.419,183.619,204.416,203.226,181.069,151.397,149.201,158.701,168.363,171.54,167.908,145.908,157.991,169.523,159.176,138.062,135.059,193.259,194.733,215.502,167.765,202.002,189.042,186.904,157.648,150.712,177.124,174.485,159.201,158.256,191.755,199.462,173.462,167.598,166.412,158.474,154.548,143.031,148.519,155.332,147.248,209.402,174.049,181.835,163.625
104.235,96.6075,103.73,117.068,103.238,118.431,113.159,94.0691,87.8465,77.3175,95.0789,102.489,98.0816,78.4474,109.371,109.041,97.5756,48.7647,43.0116,54.1295,78.339,45.0444,59.0085,67.2681,62.6099,30.0167,22.0227,26.9258,24.8395,28.6356,0,29.8329,34.4819,10.8167,69.527,71.4003,86.4523,81.2158,75.2728,76.6942,91.214,50.774,85.703,89.627,111.946,87.1321,102.357,48.4149,67.1193,35.4683,145.114,167.027,164.842,128.445,152.555,142.225,164.584,184.765,184.805,167.147,136.795,128.891,136.741,148.923,153.942,149.563,126.574,142.874,153.734,145.715,120.553,119.369,179.847,175.764,195.941,145.427,181.276,174.874,174.428,140.218,134.766,160.365,155.682,138.798,136.752,173.142,181.342,158.862,144.17,149.603,140.236,136.165,125.355,130.545,135.956,130.3,191.094,158.521,164.158,150.03
74.411,68.0074,75.591,87.367,73.5935,88.8369,84.5044,64.3506,59.9083,55.3173,67.1863,75.8024,70.6116,52.1536,86.5794,84.0238,69.2604,40,36.7151,42.4264,65.215,27.8029,41.1825,45.8803,57.4282,24.5967,37.054,5,5,30.3645,29.8329,0,13.4536,19.105,40.4969,42.9418,59.4643,52.4786,52.0384,52.345,62.434,24.3311,56.4004,61.2944,82.6196,57.7062,76.3217,51.2445,49.6488,17.2047,138.622,155.872,150.27,114.612,136.971,132.612,154.616,175.602,173.899,150.785,121.248,121.083,131.59,139.628,142.042,138.698,117.29,127.91,139.542,128.876,108.724,105.19,162.926,165.653,186.604,140.858,173.761,158.773,156.541,128.16,120.83,147.353,145.427,131.046,130.817,162.542,170.038,143.265,141.651,136.693,129.275,125.431,113.719,119.281,126.657,117.661,180.014,144.003,152.322,133.33
74.027,62.7694,80.0062,84.9588,74.6257,85.9127,79.2591,65.192,53.6656,44.1022,60.8358,68.0074,63.6946,43.9659,76.0066,74.8131,63.5295,26.9258,24.3516,29,51.8652,14.4222,28.2312,34.2345,44.4185,37.7359,47.5184,10.7703,15.2315,42.9535,34.4819,13.4536,0,24.3311,44.643,48.0521,65.7647,56.6127,61.5224,61.131,66.1287,33.541,59.0931,65.8027,84.5991,54.5619,67.9117,40.3113,36.7696,30.4795,125.176,142.58,137.383,101.533,124.234,119.202,141.241,162.2,160.605,138.235,108.462,107.629,118.191,126.21,128.798,125.363,103.856,115.039,126.574,116.379,95.4149,92.1303,150.526,152.296,173.217,127.475,160.312,146.185,144.368,114.909,107.782,134.239,132.061,117.593,117.388,149.215,156.774,130.545,128.406,123.548,115.935,112.071,100.404,105.948,113.23,104.446,166.739,131.095,139.086,120.814
93.5094,85.9069,93.8136,106.254,92.6553,107.615,102.46,83.4386,77.2528,68.0074,84.5044,92.1792,87.5957,68.1542,100.045,99.1413,86.9253,42.4853,37.2156,47.1699,71.5122,36.2215,50.4876,58,58.0086,25.2982,25.4951,16.1245,14.1421,26.6271,10.8167,19.105,24.3311,0,59.203,61.2944,76.922,71.0282,66.9403,68.0074,81.0247,41.1461,75.2861,79.6116,101.533,76.3217,92.1954,46.2277,58.8558,27.2947,141.014,161.447,158.146,121.84,145.499,137.058,159.389,179.903,179.36,159.891,129.692,124.258,133.06,143.892,148.071,144.014,121.433,135.978,147.122,138.246,114.543,112.606,172.447,170.558,191.05,141.993,176.963,167.72,166.715,134.239,128.16,154.156,150.36,134.239,132.801,167.765,175.756,151.822,141.45,143.388,134.614,130.599,119.436,124.776,130.863,124.085,185.607,151.822,158.345,142.618
37.1618,43.4166,35.4683,52.8867,34.4093,55.3173,57.1402,25.9422,40.7063,56.0357,46.2385,57.7754,50.6952,42.4264,77.666,69.7711,45.8803,66.0303,66.1211,64.4981,78.3901,51,55.7853,51.8941,81.7435,49.6488,69.1158,44.7772,45.2217,56.7979,69.527,40.4969,44.643,59.203,0,4.47214,22.0907,12.083,26.9072,24.0832,21.9545,20.5913,16.2788,21.1896,42.45,29.8329,60.3738,83.2947,61.0983,37.7359,151.605,161.443,150.894,119.097,136.781,141.824,161.969,183.096,178.966,148.405,122.348,133.6,146.711,148.809,147.323,145.715,128.16,129.418,141.45,127.142,116.829,110.114,158.937,172.247,193.414,156.119,183.6,156.4,151.172,134.183,124.579,150.615,152.895,142.888,145.014,168.582,174.691,142.636,159.314,140.801,136.821,133.6,121.606,127.201,136.741,123.693,184.567,145.097,157.08,131.503
37.6431,46.4866,32.6497,53.9351,34,56.5685,59.5399,26.2488,44.4185,60.4649,49.6588,61.2699,54.1295,46.6905,81.6088,73.4302,49.0408,70.1142,70.0286,68.7314,82.8553,55.0364,60.1664,56.3649,85.9884,49.93,69.6348,47.4236,47.5079,56.9386,71.4003,42.9418,48.0521,61.2944,4.47214,0,18,9.89949,22.8035,19.799,19.8494,21.2603,15.6525,18.3576,41.1096,32.8938,64.0078,87.1436,65.5515,38.4187,156.064,165.759,155.052,123.434,140.929,146.24,166.331,187.446,183.251,152.434,126.574,138.062,151.182,153.219,151.644,150.083,132.608,133.645,145.671,131.244,121.248,114.477,162.865,176.581,197.74,160.59,188.003,160.415,155.039,138.539,128.888,154.871,157.267,147.34,149.482,172.905,178.966,146.755,163.783,145.097,141.209,138.004,126.016,131.605,141.174,128.062,188.831,149.282,161.375,135.591
36.6742,55,18.6011,53.6004,30.0666,56.8859,64.4748,26.9258,55.9017,76.0263,59.5483,71.0634,63.8905,61.0574,93.3381,83.7377,57.8014,88.0909,88.0227,86.5794,99.6243,73.0274,77.666,73.0548,103.817,61.5549,81.3204,64.195,63.6946,67.897,86.4523,59.4643,65.7647,76.922,22.0907,18,0,13.0384,18.4391,14.5602,13.3417,35.7771,17.8045,9.21954,32.28,42.45,74.411,105.119,82.5651,51.614,171.767,179.622,167.657,137.637,153.522,161.227,180.649,201.604,196.797,164.146,139.818,153.847,167.344,168.119,165.602,164.502,148.125,146.864,158.795,143.558,136.341,128.969,173.876,190.602,211.634,176.706,202.744,172.003,165.702,152.869,142.801,168.241,171.712,162.89,165.484,186.815,192.44,159.113,180.314,158.836,155.872,152.856,140.982,146.492,156.416,142.562,202.181,162.114,175.071,147.787
29.2746,43.0465,23.4094,46.0977,24.6982,49.0102,54.1202,18.0278,43.1393,63.0714,47.2017,58.8218,51.614,48.0208,80.6598,71.4003,45.793,77.0584,77.5242,75.06,86.977,62.2013,65.6201,60.4401,92.1954,59.6406,79.404,56.8243,57.1402,66.5733,81.2158,52.4786,56.6127,71.0282,12.083,9.89949,13.0384,0,25.9615,22.1359,10,31.1448,7,9.21954,31.241,30,62.0081,94.7629,70.0928,48.2701,158.777,166.643,154.871,124.619,140.73,148.189,167.631,188.6,183.861,151.559,126.905,140.872,154.434,155.081,152.611,151.476,135.118,133.959,145.911,130.817,123.309,115.935,161.484,177.609,198.658,163.783,189.708,159.452,153.405,139.846,129.808,155.322,158.685,149.883,152.542,173.833,179.513,146.373,167.502,145.866,142.836,139.818,127.945,133.454,143.388,129.53,189.275,149.282,162.111,135.074
54.0833,68.4471,36.2491,71.1126,48.0416,74.2428,80.0812,43.4166,67.1193,82.4621,72.0694,83.7257,76.5376,69.3109,104.403,96.0417,71.1126,86.8332,85.5102,86.6487,103.446,71.8401,79.6241,77.3886,103.74,47.5079,66.6108,57.0351,55.3263,53.0094,75.2728,52.0384,61.5224,66.9403,26.9072,22.8035,18.4391,25.9615,0,4,31.0161,28.0713,32.7567,27.074,50.6952,55.0091,86.6083,101.833,85.9593,39.8497,177.505,188.223,177.8,145.836,163.686,168.22,188.621,209.781,205.798,175.237,149.241,159.477,172.186,175.237,174.092,172.351,154.263,156.311,168.345,154.029,143.224,136.781,185.648,198.98,220.166,181.618,210.06,183.218,177.789,160.863,151.38,177.485,179.513,168.929,170.66,195.346,201.537,169.532,184.296,167.622,163.377,160.078,148.054,153.675,163.003,150.333,211.426,172.003,183.897,158.382
50.0899,64.846,32.6497,67.1193,44.0454,70.2567,76.243,39.4588,63.8201,80,68.6003,80.2621,73.0616,66.4831,101.213,92.6499,67.5352,85.9069,84.8528,85.44,101.533,70.8308,78,75.2928,102.616,49.6488,69.029,57.3149,55.9017,55.4437,76.6942,52.345,61.131,68.0074,24.0832,19.799,14.5602,22.1359,4,0,27.0185,28.0713,28.8617,23.0868,46.8402,51.4782,83.2166,101.4,84.0773,41.2311,175.328,185.526,174.828,143.178,160.702,165.801,186.038,207.171,203.039,172.105,146.373,157.305,170.176,172.8,171.406,169.779,151.99,153.444,165.469,150.987,140.801,134.183,182.409,196.329,217.497,179.602,207.608,180.069,174.496,158.256,148.661,174.668,176.955,166.688,168.585,192.666,198.759,166.508,182.464,164.879,160.86,157.61,145.602,151.208,160.655,147.757,208.626,169.071,181.157,155.322
23.3452,43.1393,14.1421,40.3113,17.0294,43.566,51.4296,13.8924,45.4863,68.3081,48.1664,59.397,52.345,52.5547,82.3286,72.1249,45.9674,85.4751,86.3134,83.0542,93.1719,70.859,73.0616,66.9104,100,69.2026,89.0225,66.7308,67.1193,76.0263,91.214,62.434,66.1287,81.0247,21.9545,19.8494,13.3417,10,31.0161,27.0185,0,41.0122,8.06226,4.12311,21.6333,31.6228,62.9682,103.576,76.7919,58.0517,163.371,169.499,156.732,127.945,142.636,152.118,170.88,191.651,186.4,152.742,129.402,145.619,159.531,158.902,155.596,154.871,139.617,136.4,148.223,132.548,127.456,119.57,162.114,180.569,201.457,168.799,193.28,160.515,153.808,143.21,132.853,157.801,162.077,154.353,157.471,176.709,182.003,148.071,172.977,148.691,146.485,143.656,131.947,137.354,147.58,133.094,191.638,151.344,164.839,136.693
57.6975,60.0083,53.0094,73.0548,54.9181,75.2861,75.2396,46.5296,54.7449,61.6117,61.4003,72.1803,65.6201,52,88.7694,82.9699,62.0725,59.4643,57.7235,59.9333,79.0253,44.7772,54.4059,54.4885,76.6942,29.0689,48.5489,29.2746,28.1603,36.2491,50.774,24.3311,33.541,41.1461,20.5913,21.2603,35.7771,31.1448,28.0713,28.0713,41.0122,0,36.6197,39.0512,62.3699,47.0956,73.9797,73.8241,61.7171,17.2047,153.675,167.26,158.937,124.964,145.055,145.691,166.931,188.138,185.151,157.785,129.85,135.724,147.635,152.761,153.154,150.695,131.046,136.825,148.809,136.004,120.917,115.624,169.118,177.654,198.849,157.051,187.491,165.846,161.892,139.517,130.874,157.433,157.724,145.454,146.4,174.23,181.044,151.172,159,147.122,141.45,137.888,125.873,131.529,140.121,128.888,191.031,152.869,163.248,140.46
22.3607,37.2022,22.0227,39.1152,18.3576,42.0119,47.4342,11.0454,38.4187,60.407,41.7732,53.2635,46.0977,44.7772,75.6902,65.9469,40,77.6466,78.6448,75.1066,85.1469,63.1506,65.0308,58.8558,92.0054,65.5134,85.1469,60.4649,61.2209,72.5603,85.703,56.4004,59.0931,75.2861,16.2788,15.6525,17.8045,7,32.7567,28.8617,8.06226,36.6197,0,10.2956,26.2488,24.7588,56.6392,95.901,68.7314,53.8238,155.682,162.41,150.073,120.652,135.949,144.627,163.637,184.491,179.449,146.414,122.442,137.884,151.714,151.45,148.449,147.567,131.947,129.468,141.354,125.936,119.883,112.161,156.083,173.442,194.402,161.003,185.925,154.253,147.899,135.912,125.67,150.864,154.777,146.697,149.693,169.614,175.071,141.485,165.082,141.605,139.086,136.191,124.423,129.865,140.004,125.718,184.765,144.589,157.801,130.138
27.4591,46.7547,14.3178,44.4072,21,47.676,55.4617,17.8885,48.6004,70.5762,51.6236,62.9682,55.8659,55.0364,85.703,75.6902,49.5782,86.1452,86.7006,84.006,95.0789,71.3442,74.3303,68.6586,101.079,66.7083,86.5563,65.7419,65.8635,73.4098,89.627,61.2944,65.8027,79.6116,21.1896,18.3576,9.21954,9.21954,27.074,23.0868,4.12311,39.0512,10.2956,0,24.5967,34.8281,66.468,103.947,78.4474,55.8659,165.955,172.63,160.112,130.924,146,154.923,173.899,194.733,189.621,156.272,132.612,148.142,161.929,161.744,158.685,157.842,142.225,139.628,151.489,135.949,130.177,122.45,165.759,183.674,204.612,171.231,196.209,164.073,157.493,146.185,135.915,161.028,165.052,156.978,159.931,179.836,185.235,151.486,175.231,151.822,149.375,146.485,134.718,140.161,150.296,136.004,194.905,154.674,168.003,140.121
16.7631,43.9659,16.1245,27.8029,11.0454,31.4006,44.8219,19.9249,50.4876,77.0584,50,59.0931,53.1413,61.0082,82.7647,71.1196,46.4866,100.688,102.46,97.2934,103.019,86.977,86.3134,78.3135,113.437,90.802,110.603,86.6083,87.4586,97.6524,111.946,82.6196,84.5991,101.533,42.45,41.1096,32.28,31.241,50.6952,46.8402,21.6333,62.3699,26.2488,24.5967,0,38,63.1585,119.549,88.278,79.511,168.291,170.417,155.618,130.545,141.834,155.666,172.662,192.774,186.432,150.207,130.142,151.119,165.656,162.117,156.978,157.178,144.641,136.883,148.223,131.548,131.898,123.033,158.256,181.596,201.933,174.634,195.563,157.61,149.576,145.619,134.737,158.028,164.283,159.101,163.233,177.589,181.97,146.728,179.847,149.817,149.486,147.122,135.978,141.06,151.789,136.125,191.23,150.748,165.529,135.37
22.561,13.6015,43.0813,30.4138,27.0185,31.4006,28.1603,19.9249,13.8924,39.1152,17.2047,28.8444,21.6333,23.0217,50.9313,41.4005,16.1555,64.8845,67.6018,60.7454,65.0308,52.6972,49.3356,40.6079,76.1577,74.7329,92.6553,60.208,62.6498,82,87.1321,57.7062,54.5619,76.3217,29.8329,32.8938,42.45,30,55.0091,51.4782,31.6228,47.0956,24.7588,34.8281,38,0,32.0156,84.0952,50.4876,62.3699,132.401,137.877,125.32,96.3846,111.198,120.748,139.284,160.031,154.806,121.696,97.8008,114.826,129.035,127.475,123.976,123.309,108.632,104.809,116.662,101.178,96.2549,88.1192,131.503,148.946,169.838,138.192,161.744,129.557,123.406,111.647,101.242,126.21,130.511,123.309,126.811,145.086,150.416,116.726,142.874,117.068,115.004,112.254,100.648,105.991,116.362,101.597,160.078,119.854,133.222,105.38
46.5188,20,72.6705,41.1096,53.7122,39,23.1948,49.8197,19.6977,29.0689,14.8661,4.12311,10.6301,24.1868,19.7231,9.43398,17.2047,65,69.8928,59.0339,50.5371,59.0931,48.2597,37.7359,69.029,98.0816,113.358,76.9415,80.6226,105.019,102.357,76.3217,67.9117,92.1954,60.3738,64.0078,74.411,62.0081,86.6083,83.2166,62.9682,73.9797,56.6392,66.468,63.1585,32.0156,0,82.807,43.8634,86.2844,105.759,107.541,93.8616,67.4166,79.8123,92.6553,109.567,129.865,123.976,89.8053,67.2309,89.1067,103.947,99.0202,93.9415,94.0213,82.3772,74.0945,85.703,69.6563,69.4262,60.1664,99.4887,118.701,139.284,112.614,132.424,97.6217,91.4002,82.4621,71.5891,95.4149,101.134,96.5401,101.272,114.739,119.541,85.1469,118.609,86.8332,86.3771,84.119,73.2462,78.1601,89.0225,73.0548,129.035,88.6002,102.728,73.7564
106.231,87.0919,117.712,113.018,108.784,112.898,101.671,99.6243,77.1038,53.7587,82.801,84.8528,83.7377,64.6375,81.0062,85.8021,86.6083,19.2354,17.2627,24.2074,39.5601,32.7567,35.805,46.2277,18.1108,70.4911,70.0928,46.4866,49.7695,72.8011,48.4149,51.2445,40.3113,46.2277,83.2947,87.1436,105.119,94.7629,101.833,101.4,103.576,73.8241,95.901,103.947,119.549,84.0952,82.807,0,38.9487,67.7791,97.1288,120.806,121.198,85.2877,110.223,95.5196,117.745,137.383,138.235,125.196,95.0211,81.5414,88.5099,101.951,108.416,103.446,80.0062,100.245,110.027,105.019,75.9539,77.026,138.177,128.876,148.556,97.0824,133.36,132.458,134.004,95.1262,91.444,115.521,109.11,91.2853,88.6848,126.531,135.03,116.349,95.7758,104.924,94.3716,90.2497,80.4114,85.1469,89.1964,85.9884,144.558,114.983,118.406,109
72.9932,50.1597,90.4489,76.6942,77.2334,76.0592,63.5138,69.0072,40.4969,14.8661,45.1774,46.0109,45.4863,28.1603,43.9659,47.1699,49.1935,21.9317,27.5136,15.6525,17.4929,22.8035,8.544,10,26.4008,74.2428,83.678,47.5395,52,79.7057,67.1193,49.6488,36.7696,58.8558,61.0983,65.5515,82.5651,70.0928,85.9593,84.0773,76.7919,61.7171,68.7314,78.4474,88.278,50.4876,43.8634,38.9487,0,65.4599,92.0054,106.607,100.648,65,87.4643,84.1724,105.759,126.905,124.619,101.514,71.6938,74.027,86.2844,91.2414,92.6553,89.6437,69.3542,78.2943,89.8944,79.6994,59.6657,55.5698,113.886,116.662,137.768,95.7183,125.873,109.444,107.935,78.8162,71.1969,97.7548,96.5401,83.7377,84.8764,113.406,120.673,93.7763,98.387,87.1321,80.2808,76.5768,64.6607,70.2922,78.492,68.2422,130.668,94.3716,102.903,84.119
74.7061,74.5453,69.527,89.6939,72.111,91.7606,90.4268,63.6318,68.0074,69.0797,75.06,85.0529,79.0063,62.8013,98.9545,94.7629,76.3217,57.2014,53.8516,59.4643,81.6884,44.5533,57.2014,60.3738,74.6324,12.3693,31.3847,21.4709,18.0278,19.6469,35.4683,17.2047,30.4795,27.2947,37.7359,38.4187,51.614,48.2701,39.8497,41.2311,58.0517,17.2047,53.8238,55.8659,79.511,62.3699,86.2844,67.7791,65.4599,0,155.563,172.047,165.605,130.384,152.069,149.164,171.026,192.094,190.066,165.529,136.473,137.931,148.661,156.205,158.114,155,133.959,143.265,155.048,143.6,125,120.95,177.395,182.003,203.039,157.953,190.507,173.566,170.66,144.267,136.528,163.135,161.818,147.868,147.828,178.807,186.132,158.319,158.836,152.555,145.602,141.82,130,135.602,143.283,133.701,196.125,159.389,168.363,148.071
151.529,124.326,175.482,146.509,158.114,144.014,127.738,152.279,118.68,95.7706,118.296,109.882,115.248,110.923,87.1321,99.2975,121.84,99.3579,104.019,96.2081,74.6525,111.018,99.3579,100.125,83.006,162.274,166.148,135.207,139.517,166.331,145.114,138.622,125.176,141.014,151.605,156.064,171.767,158.777,177.505,175.328,163.371,153.675,155.682,165.955,168.291,132.401,105.759,97.1288,92.0054,155.563,0,31.6228,46.0977,40,47.1699,15.8114,25.4951,41.2311,45,56.5685,46.0977,18.0278,10,14.1421,28.2843,22.0227,23.7697,42.72,40,52.9245,36.4005,45.7056,66.4003,35,52.2015,9.43398,36.2353,59.203,68.593,28.1603,38.4708,36.2353,21.095,9.21954,8.544,34.2345,43.1856,49.0408,19.2094,32.45,22.8035,23.0868,32.5576,28.0713,17.0294,34,51.0392,43.1856,32.6497,52.7731
