0,32.5576,14.5602,32.2025,32.2025,24.8395,21.0238,31.5753,17.8045,15.5563,26.4008,16.6433,26.4008,46.8722,45.3542,42.45,40.7063,22.8473,28.2312,16.4924,79.3221,106.93,105.991,122.004,116.387,116.103,114.809,93.4345,116.211,142.341,103.078,122.801,111.396,130.92,119.604,85.7963,78.2432,47.634,123.065,105.948,83.2406,82.28,56.6039,67.0075,100.722,77.801,95.7131,95.5249,105.622,135.831,137.906,94.8472,99.7647,127.424,118.701,93.8136,96.2549,87.6584,87.9659,82.8794,77.8781,108.904,112.058,119.269,162.003,125.16,102.859,130.25,97.949,103.947,149.282,106.85,97.6729,100.499,102,125.399,105.209,137.244,107.517,121.631,127.781,86.977,83.8153,78.7909,82.9277,61.4003,96.8969,125.431,88.4816,105.19,83.4865,77.9872,84.9588,83.2406,70.7672,63.8905,73.5527,83.8153,88.0057,79.8812
32.5576,0,34.4093,20.2237,23.8537,16.4012,36.2491,36.0694,47.4236,43.2897,50.2892,23.4307,9.43398,21.1896,13,25.1794,32.6956,27.4591,47.4236,49.0306,104.69,128.6,128.226,147.801,134.826,143.402,140.759,122.319,142.172,171.012,129.634,153.844,140.616,155.666,146.986,117.953,108.046,77.8267,144.267,130.832,109.986,101.242,82.2192,97.1288,132.004,107.912,127.236,123.227,137.928,163.248,164.104,122.442,127.44,151.093,141.993,119.553,120.934,113.172,117.346,110.422,109.786,136.821,142.706,149.883,190.234,153.052,125.252,156.311,127.318,132.201,176.581,130.969,125.252,124.579,124.964,152.398,130.832,164.657,135.248,149.807,154.311,115.209,109.713,110.725,113.6,91.7061,121.017,155.554,113.864,136.473,114.061,105.423,113.991,113.018,98.813,91.4002,102.343,109.713,118.207,105.418
14.5602,34.4093,0,25,42.72,33.541,35.3553,45.0444,15,29.1548,40.3113,11.1803,32.0156,53.1507,47.1699,51.4782,52.2015,35.3553,42.72,22.3607,70.7672,96.3846,95.7183,113.899,104.547,109.124,106.794,87.9204,108.208,136.605,95.483,120.017,106.231,122.147,112.699,85.703,73.8241,44.0114,112.379,97.1854,75.743,70.3847,48.0833,63.0714,98.4327,73.7902,93.9202,88.8651,105.906,128.973,130.115,88.0909,93.086,118.004,109.041,85.5862,87.3212,79.2465,83.006,76.0592,77.1298,102.45,108.688,115.832,155.862,118.697,92.6499,122.348,92.9624,97.8008,142.341,97.6166,90.9065,91.214,92.0869,118.191,96.9381,130.384,100.896,115.421,120.216,80.8022,75.6637,78.1025,79.7057,57.7754,87.6185,121.314,79.9812,102.883,80.1124,71.0634,79.6116,78.7718,64.405,57.0088,67.9559,75.6637,84.0773,71.4493
32.2025,20.2237,25,0,41.2311,31.6228,46.0977,50.5371,40,47.1699,57.0088,15.8114,25.4951,41.2311,29.1548,45,50.9902,40.3113,56.5685,46.0977,89.627,111.198,111.072,132.28,116.211,128.969,125.419,109.567,126.823,157.436,114.856,143.279,127.906,139.445,132.575,110.318,96.566,67.9117,126.507,114.978,95.7183,83.2406,68.0955,86.3308,122.123,96.7988,117.881,109.417,130.541,148.691,148.678,108.559,113.534,134.35,125.16,104.403,105.119,98.0051,105.19,96.7471,101.607,122.967,131.674,138.716,176.119,138.975,108.208,140.869,114.965,118.701,161.821,114.691,111.306,108.374,108.19,137.637,115.421,150.083,121.264,136.004,139.201,102,94.8683,102.591,103.092,81.3204,104.89,143.673,98.6002,126.531,103.407,91.7878,101.553,101.39,85.8662,78.2624,89.9611,94.8683,106.977,90.4434
32.2025,23.8537,42.72,41.2311,0,10,20.6155,13.9284,50,33.541,35.3553,35.3553,15.8114,20,29.1548,11.1803,10,11.1803,30,46.0977,111.503,138.654,137.83,154.201,147.258,148.165,147.003,125.16,148.405,173.971,135.248,152.869,142.899,163.11,151.644,114.237,109.659,79.196,154.738,138.13,115.421,113.088,88.7525,98.3514,130.668,109.041,125.363,127.562,133.27,167.836,170.074,126.905,131.795,159.531,150.748,126.016,128.413,119.854,119.52,114.978,107.07,140.858,142.611,149.807,193.747,157.08,134.718,162.432,129.449,135.831,181.29,138.975,129.727,132.608,133.959,157.493,137.412,169.248,139.517,153.483,159.928,118.929,116.017,107.912,113.701,92.6984,129.004,156.339,120.673,135.093,114.337,110.114,116.675,114.63,102.825,96.0469,105.418,116.017,119.097,112.071
24.8395,16.4012,33.541,31.6228,10,0,20.6155,19.8494,42.4264,30.4138,35.3553,25.4951,7.07107,22.3607,25.4951,18.0278,20,11.1803,31.6228,40.3113,103.407,129.865,129.139,146.349,138.004,140.759,139.176,118.258,140.584,167.171,127.562,147.34,136.235,155,144.278,109.59,103.078,72.4707,145.89,130,107.713,103.87,80.604,91.8314,125.196,102.616,120.067,120.216,129.077,160.527,162.373,119.52,124.459,151.162,142.285,118.068,120.208,111.826,112.805,107.517,102,133.645,136.741,143.951,186.81,149.913,126.052,154.674,122.788,128.725,173.971,130.668,122.348,124.278,125.399,150.013,129.468,161.941,132.231,146.414,152.306,111.732,108.074,102.883,107.648,86.2148,120.673,150.207,112.614,129.653,108.227,102.591,109.786,108.074,95.462,88.459,98.3514,108.074,112.801,104.019
21.0238,36.2491,35.3553,46.0977,20.6155,20.6155,0,12.2066,36.4005,14.1421,15,33.541,26.9258,40.3113,46.0977,31.6228,25,10,11.1803,29.1548,97.0464,125.936,124.788,138.755,136.308,131.826,131.548,108.074,132.925,156.464,119.57,133.843,125.32,148.223,135.207,94.578,92.1954,62.426,142.088,123.471,99.985,102.391,74.8465,80.9197,111.665,91.351,106.212,111.252,113.252,151.208,154.208,110.68,115.434,145.344,136.894,111.018,114.039,105.119,102.176,99.0202,87.8009,124.201,123.988,131.137,176.389,140.246,121.631,146.728,111.946,119.017,164.624,124.776,113.464,118.533,120.54,141.241,122.299,152.611,123.004,136.499,143.951,102.416,101.119,88.6002,95.462,75.2861,114.965,137.975,106.005,116.039,96.1665,94.3398,99.6393,97.0824,86.8217,80.6226,88.8144,101.119,101.139,97.4936
31.5753,36.0694,45.0444,50.5371,13.9284,19.8494,12.2066,0,48.1041,26.2488,24.1661,40.7922,26.9072,33.3766,42.9418,23,13.9284,10.4403,17.72,41.3401,109.128,137.786,136.693,150.944,147.801,144.031,143.736,120.254,145.114,168.582,131.765,145.578,137.441,160.378,147.411,106.019,104.35,74.6324,153.942,135.595,112.161,113.759,86.8159,93.086,123.434,103.479,117.924,123.458,124.342,163.404,166.412,122.886,127.64,157.429,148.933,123.167,126.127,117.239,114.337,111.221,99.4887,136.4,135.882,143.01,188.521,152.434,133.54,158.928,124.085,131.21,176.816,136.85,125.67,130.587,132.503,153.447,134.462,164.806,135.207,148.678,156.157,114.621,113.252,100.265,107.49,87.4586,127.012,149.933,118.119,127.781,108.208,106.532,111.826,109.225,99.0202,92.7847,101.02,113.252,113.217,109.59
17.8045,47.4236,15,40,50,42.4264,36.4005,48.1041,0,25,35.3553,25.4951,43.0116,64.0312,60.4152,60.208,58.3095,40.3113,40,11.1803,61.5873,89.6939,88.6397,104.202,99.925,98.3514,97.0052,75.9276,98.4073,124.844,85.276,106.438,94.0213,113.159,101.863,71.0634,61.0328,30.5287,105.849,88.2043,65.437,66.0984,38.9487,49.93,84.5813,60.7454,79.8499,77.7946,91.2195,118.106,120.104,77.1038,82.0366,109.772,101.119,76.0263,78.5493,69.8928,70.6045,65.1153,62.6418,91.2195,95.3834,102.577,144.423,107.49,85.4927,112.446,80.604,86.3134,131.552,89.1852,79.9312,82.8553,84.5281,107.629,87.4185,119.52,89.8053,104.005,109.986,69.3109,66.0303,63.6003,66.242,44.4185,79.2591,108.453,70.7248,89.0505,66.7308,60.208,67.4759,66.0303,53.0377,46.0977,55.9732,66.0303,71.0211,62.1289
15.5563,43.2897,29.1548,47.1699,33.541,30.4138,14.1421,26.2488,25,0,11.1803,32.0156,35,52.2015,55,44.7214,39.0512,22.3607,15,15.8114,83.7735,113.225,111.946,125.032,124.338,117.89,117.835,94.0213,119.202,142.341,105.816,119.808,111.198,134.648,121.248,80.7775,78.1025,48.5489,129.341,110.023,86.3539,90.7965,61.9839,66.8431,97.6166,77.2334,92.2009,97.3499,99.7296,137.201,140.357,96.7988,101.514,132.004,123.693,97.4936,100.722,91.7061,88.0909,85.235,73.8173,110.209,109.877,117.034,162.274,126.21,108.784,132.925,97.8366,105,150.602,111.485,99.5691,105.309,107.564,127.315,108.706,138.6,109.041,122.442,130.085,88.4816,87.6641,74.6324,81.3204,61.2209,101.769,123.843,92.6121,102.005,82.0244,80.6226,85.6037,82.9759,73.0616,67.082,74.8866,87.6641,87,84.1724
26.4008,50.2892,40.3113,57.0088,35.3553,35.3553,15,24.1661,35.3553,11.1803,0,42.4264,41.2311,55.2268,60.8276,46.0977,38.0789,25,7.07107,25,91.3947,121.511,120.071,131.484,133.36,123.665,124.338,99.3227,125.674,146.82,112.259,122.43,115.802,141.439,126.909,82.4621,83.2166,55.1543,137.528,117.175,93.2309,100.245,70.406,72.2011,100.419,82.0975,94.7945,103.354,100.404,142.58,146.373,102.883,107.424,139.284,131.244,104.547,108.167,99.0202,93.1933,91.7061,76.3806,115.763,113.172,120.216,166.817,131.469,116.914,139.119,102.65,110.454,155.872,118.929,105.589,112.894,115.521,133.094,115.551,143.962,114.739,127.581,136.077,94.414,94.921,77.1038,85.4283,66.7308,109.417,127.405,99.96,104.69,86.2148,87.3212,91.0659,87.9204,79.7057,74.3303,80.9506,94.921,91.4002,91.7061
16.6433,23.4307,11.1803,15.8114,35.3553,25.4951,33.541,40.7922,25.4951,32.0156,42.4264,0,22.3607,43.0116,36.0555,42.72,45.2769,30.4138,43.0116,30.4138,81.3204,105.948,105.437,124.451,113.159,119.971,117.388,99.0202,118.802,147.635,106.217,131.183,117.346,132.458,123.556,96.5401,85,55.1543,121.795,107.564,86.5563,79.177,58.7963,74.2496,109.563,84.9706,105.005,99.8098,116.709,139.818,140.73,99.0202,104.019,128.062,119.017,96.1769,97.6729,89.8053,94.1541,87.0057,88.0568,113.406,119.867,127.012,166.817,129.63,102.416,132.944,104.101,108.812,153.154,107.815,101.828,101.415,102.005,128.973,107.48,141.227,111.826,126.4,130.908,91.8368,86.3134,89.0225,90.8735,68.942,97.8366,132.484,90.5097,114.018,91.2853,82.0061,90.7359,89.9444,75.452,68.0074,79.0759,86.3134,95.2575,82.0366
26.4008,9.43398,32.0156,25.4951,15.8114,7.07107,26.9258,26.9072,43.0116,35,41.2311,22.3607,0,21.2132,20,20.6155,25.4951,18.0278,38.0789,42.72,102.728,128.16,127.581,145.836,135.518,140.759,138.708,118.849,140.121,167.738,127.287,149.094,137.004,154.159,144.312,112.161,104.043,73.4983,144.062,129.19,107.48,101.533,79.9812,92.9139,127.059,103.73,122.09,120.341,131.913,160.59,162.003,119.604,124.579,150,141.014,117.516,119.331,111.198,113.6,107.564,104.278,133.869,138.232,145.437,187.211,150.147,124.535,154.253,123.6,129.074,174,129.63,122.43,123.227,124.036,149.913,128.888,162.003,132.382,146.755,152.043,112.045,107.564,105.19,109.078,87.367,119.633,151.433,111.946,131.529,109.604,102.591,110.422,109.041,95.6713,88.459,98.8585,107.564,113.991,103.392
46.8722,21.1896,53.1507,41.2311,20,22.3607,40.3113,33.3766,64.0312,52.2015,55.2268,43.0116,21.2132,0,15.8114,11.1803,22.3607,30.4138,50,62.6498,123.907,148.946,148.449,167.027,155.708,161.966,159.906,139.946,161.32,188.854,148.499,169.614,158.051,175.285,165.517,131.947,125,94.4034,164.754,150.333,128.693,121.939,101.178,113.811,147.492,124.619,142.394,141.534,151.397,181.794,183.208,140.801,145.774,171.026,162.003,138.708,140.464,132.382,134.629,128.763,124.354,155.052,158.928,166.138,208.37,171.33,145.427,175.454,144.627,150.233,195.208,150.712,143.628,144.309,145,171.126,150.073,183.208,153.574,167.92,173.254,133.207,128.763,125.24,129.8,108.227,140.72,172.285,133.124,151.954,130.357,123.794,131.503,130,116.846,109.659,119.971,128.763,134.848,124.579
45.3542,13,47.1699,29.1548,29.1548,25.4951,46.0977,42.9418,60.4152,55,60.8276,36.0555,20,15.8114,0,25,35.3553,36.4005,57.0088,61.8466,116.932,139.946,139.703,159.962,145.344,155.862,152.971,135.074,154.383,183.674,141.993,166.82,153.395,167.586,159.455,130.92,120.934,90.7855,155.416,142.864,122.442,112.201,94.6414,110.059,144.997,120.83,140.236,135.801,150.867,175.696,176.309,135,140,162.788,153.639,131.795,132.966,125.399,130.173,123.004,122.776,149.402,155.653,162.825,202.8,165.602,136.781,168.505,140.132,144.845,188.987,142.843,137.801,136.473,136.62,164.785,143.01,177.102,147.801,162.41,166.604,127.883,122.025,123.713,126.562,104.657,132.936,168.44,126.063,149.466,127.016,118.004,126.779,125.897,111.503,104.043,115.122,122.025,131.126,117.686
42.45,25.1794,51.4782,45,11.1803,18.0278,31.6228,23,60.208,44.7214,46.0977,42.72,20.6155,11.1803,25,0,11.1803,22.3607,40.3113,57.0088,121.4,147.851,147.146,164.295,155.756,158.55,157.115,135.794,158.521,184.665,145.454,163.933,153.639,173.003,162.052,125.399,120.416,89.8721,163.857,148.003,125.607,121.672,98.6002,109.124,141.736,119.854,136.459,137.975,144.451,178.281,180.278,137.295,142.215,169.189,160.312,136.033,138.221,129.808,130.231,125.32,118.191,151.347,153.6,160.801,204.384,167.598,144.062,172.595,140.186,146.373,191.732,148.691,140.121,142.302,143.422,167.836,147.435,179.694,149.967,164.049,170.182,129.418,126.036,119.038,124.631,103.479,138.698,167.263,130.602,146.168,125.252,120.416,127.311,125.399,113.217,106.301,115.966,126.036,129.958,122.004
40.7063,32.6956,52.2015,50.9902,10,20,25,13.9284,58.3095,39.0512,38.0789,45.2769,25.4951,22.3607,35.3553,11.1803,0,18.0278,31.6228,53.1507,119.887,147.597,146.687,162.29,156.605,155.862,155.081,132.458,156.474,181.069,143.22,158.836,149.933,171.421,159.298,119.541,116.726,86.5563,163.719,146.492,123.458,122.43,97.2471,105.418,136.653,115.974,131.21,135.248,138.062,175.411,178.003,134.629,139.463,168.077,159.389,134.239,136.858,128.16,126.669,122.801,112.801,148.395,148.923,156.083,200.943,164.542,143.558,170.423,136.517,143.283,188.854,147.492,137.437,141.156,142.706,165.239,145.609,176.819,147.122,160.863,167.8,126.507,124.258,113.6,120.283,99.7647,137.557,162.856,129.004,141.032,120.967,118.004,123.988,121.655,110.603,104.043,112.929,124.258,125.873,120.416
22.8473,27.4591,35.3553,40.3113,11.1803,11.1803,10,10.4403,40.3113,22.3607,25,30.4138,18.0278,30.4138,36.4005,22.3607,18.0278,0,20.6155,35.3553,101.872,129.769,128.81,144.267,139.14,137.906,137.058,114.63,138.452,163.343,125.208,141.824,132.231,153.395,141.354,103.078,98.9949,68.6804,145.908,128.472,105.437,104.995,79.2591,87.6812,119.62,98.3107,114.285,117.29,122.09,157.493,160,116.662,121.511,150.083,141.421,116.211,118.849,110.136,108.904,104.809,95.9635,130.484,131.655,138.842,183.175,146.659,125.674,152.411,118.794,125.399,170.942,129.495,119.474,123.167,124.78,147.272,127.581,158.902,129.19,143.01,149.807,108.577,106.231,96.7988,102.825,82.0244,119.57,145.454,110.982,124.036,103.479,100,106.151,103.947,92.6175,86.0233,95.0158,106.231,108.301,102.396
28.2312,47.4236,42.72,56.5685,30,31.6228,11.1803,17.72,40,15,7.07107,43.0116,38.0789,50,57.0088,40.3113,31.6228,20.6155,0,30.4138,97.7394,127.613,126.242,138.196,139.086,130.511,131.034,106.231,132.378,153.838,118.962,129.495,122.801,148.071,133.776,89.4986,90.1388,61.7414,143.68,123.693,99.8098,105.683,76.4003,79.0759,107.49,89.0505,101.863,110.145,107.336,149.496,153.183,109.659,114.237,145.774,137.641,111.086,114.586,105.475,100.125,98.387,83.4506,122.642,120.241,127.287,173.833,138.398,123.081,145.89,109.622,117.346,162.807,125.355,112.379,119.269,121.758,139.943,122.156,150.881,121.594,134.525,142.888,101.213,101.39,84.1724,92.4554,73.5731,115.767,134.469,106.405,111.759,93.2363,93.9415,97.9439,94.8683,86.3308,80.7775,87.7097,101.39,98.4073,98.0816
16.4924,49.0306,22.3607,46.0977,46.0977,40.3113,29.1548,41.3401,11.1803,15.8114,25,30.4138,42.72,62.6498,61.8466,57.0088,53.1507,35.3553,30.4138,0,68.0294,97.4166,96.1353,109.604,108.674,102.801,102.396,79.3095,103.774,127.988,90.4268,107.07,96.8762,119.08,106.212,69.4622,63.6396,33.4215,113.53,94.3663,70.8308,75.326,46.1736,52.3259,84.9058,62.9682,79.7559,82.201,89.1964,122.287,125.1,81.6088,86.4002,116.297,107.935,81.8841,85,76.0263,73.5527,69.8928,61.7171,95.268,96.6075,103.812,147.828,111.396,92.9731,117.597,83.4386,90.1388,135.724,95.7549,84.4038,89.5545,91.7606,112.201,93.1504,123.693,94.0213,107.713,114.856,73.4098,72.0069,62.6099,67.624,46.669,86.0058,110.259,76.922,89.3588,68.2495,65.192,70.8378,68.593,57.6888,51.4782,59.8164,72.0069,73,68.4471
79.3221,104.69,70.7672,89.627,111.503,103.407,97.0464,109.128,61.5873,83.7735,91.3947,81.3204,102.728,123.907,116.932,121.4,119.887,101.872,97.7394,68.0294,0,31.0161,29.1548,43.1393,45.8912,39.4462,36.0694,25.1794,37.4833,68.4471,25.2389,62.1289,41.4367,51.614,43.0465,50.2096,24.0416,36.6742,46.5296,26.6271,8.06226,24.6982,22.8035,26.5707,47.1699,26.1725,46.5296,21.3776,64.4981,59.0762,59.4138,20.3961,25,48.3011,39.9249,14.8661,17,8.48528,24.6982,11.7047,43.4166,34.176,50.2494,56.0089,86.6083,49.6488,26.0768,51.6236,31.1448,30.8058,72.2011,27.7308,22.8035,21.5407,24.3311,48.0104,26.1725,60.4649,32.311,47.0106,49.679,17.4642,5.38516,44.0454,32.0156,29.4279,18.0278,58.4209,9.21954,50.2892,31.4006,9.89949,21.0238,25.2389,14.5602,17.2627,17.4929,5.38516,30.4138,1
106.93,128.6,96.3846,111.198,138.654,129.865,125.936,137.786,89.6939,113.225,121.511,105.948,128.16,148.946,139.946,147.851,147.597,129.769,127.613,97.4166,31.0161,0,2.82843,29,17.2047,34.7851,25.7099,41.6173,26.4764,61.0328,26.2488,70.3278,47.1699,31.0161,37.108,74.7061,50.5964,67.4759,16.1555,16.6433,32.7567,28.4253,51.2445,56.5685,64.4438,52.811,66.4003,33.6006,83.6301,48.0416,43.1741,33.0151,33.2415,24.1868,15.2315,23.2594,17.4642,25.4951,45.6508,36.4005,70.0071,36.3593,60.803,63.6318,74.3303,43.7379,5.09902,36.3456,45.3431,37.6431,58.2495,12.53,32.6497,13.0384,7.61577,38.1182,20.8087,49.0918,34.6699,43.6807,37.0135,38.4838,29.2746,70.3847,56.3649,60.1332,14.8661,61.8466,24.5153,65.7647,55.4617,38.4708,43.8634,49.2443,45.0999,48.1664,46.6905,29.2746,51.9711,31
105.991,128.226,95.7183,111.072,137.83,129.139,124.788,136.693,88.6397,111.946,120.071,105.437,127.581,148.449,139.703,147.146,146.687,128.81,126.242,96.1353,29.1548,2.82843,0,27.074,20,32.28,23.3452,38.833,24.1868,59,23.4307,67.6018,44.4185,29.9666,34.7131,72.0069,48.0833,65.7647,17.4642,13.8924,30.4138,28.8444,49.98,54.3323,61.6198,50.2892,63.6003,30.8058,80.8084,46.1736,41.7612,30.2324,30.4138,23.6008,14.4222,20.6155,14.8661,23.1948,42.9418,33.9559,67.4166,33.6155,58.0086,60.9016,72.7805,41.4367,3.16228,34.7131,42.5206,34.8281,56.7539,9.84886,29.8329,10.2956,5.09902,36.0139,18.0278,47.2652,31.9061,41.2311,35.1283,35.8469,27.074,67.7791,53.7122,58.0345,12.3693,59.2368,22.2036,62.9365,52.8015,36.2215,41.2311,46.6154,43.0116,46.3897,44.4072,27.074,49.2443,29.0689
122.004,147.801,113.899,132.28,154.201,146.349,138.755,150.944,104.202,125.032,131.484,124.451,145.836,167.027,159.962,164.295,162.29,144.267,138.196,109.604,43.1393,29,27.074,0,41.4367,11.7047,7.2111,34.3657,5.83095,32.0624,19.2354,47.4236,27.313,11,11.4018,66.2722,49.7293,76.5376,27.4591,17.4929,38.833,54.0833,65.8559,59.808,50,51.4198,54.1295,28.4605,68.1542,19.105,16.4012,28.7924,24.7386,14.4222,16.1555,28.3196,27.2029,34.6554,40.6079,39.8246,65.0692,19.105,41.1825,41.2311,46.1736,16.1245,28.4429,8.60233,34.0147,24,30.4631,18.9737,26.2488,24.5967,26.9258,9.48683,16.9706,20.2237,19,17.6918,8.06226,37.3363,38.2884,65.0308,51.2445,65,27.7849,36.8782,33.9411,49.3964,50.2494,44.4185,41.4849,45.8912,51.9711,58.2495,50.5668,38.2884,45.0999,42.45
116.387,134.826,104.547,116.211,147.258,138.004,136.308,147.801,99.925,124.338,133.36,113.159,135.518,155.708,145.344,155.756,156.605,139.14,139.086,108.674,45.8912,17.2047,20,41.4367,0,49.7393,40.3113,58.8218,40.7063,72.7805,43.1393,86.267,63.4114,39.1152,51.4296,91.7878,67.2309,81.0247,16.0312,33.2415,49.0408,34.176,63.1981,72.2772,81.5659,69.4622,83.6002,50.8035,100.767,59.2284,52.1536,50.2195,50.3289,31.0644,25.2982,40.3113,34.4819,41.7852,62.7694,52.9245,86.8159,52.6308,77.3369,79.6304,83,57.3847,21.9545,46.8722,62.482,54.4518,67.0298,29,49.8197,30.2324,24.6982,50.9215,37.4833,60.0167,51.0882,58.1378,48.7647,55.4707,45.2217,87.2353,73.3553,75.3127,31.7648,77.026,40.8534,82.7587,72.4707,54.4059,60.8276,66.1891,60.4152,62.2896,62.6418,45.2217,69.1158,46.0977
116.103,143.402,109.124,128.969,148.165,140.759,131.826,144.031,98.3514,117.89,123.665,119.971,140.759,161.966,155.862,158.55,155.862,137.906,130.511,102.801,39.4462,34.7851,32.28,11.7047,49.7393,0,9.43398,24.6982,9.21954,29.4109,14.3178,36.8782,15.6525,22.3607,3.60555,55.0364,40.7185,69.4046,37.4833,19.105,33.4215,55.4437,61.2209,51.4782,38.3275,42.1545,42.5793,20.6155,56.4624,19.8494,22.8473,21.2603,16.4012,25.9422,25.4951,25.0799,26.4764,31.305,31.0161,33.2415,54.4518,8.24621,29.6816,30.4138,47.1699,10.4403,32.5576,16.2788,23.1948,13.6015,33.2415,22.561,18.4391,26,30.2655,9.43398,16.0312,21.2603,8.94427,9.05539,12.6491,29.4109,34.1321,54.3323,41,56.9386,28.1603,27.2947,30.8707,37.6962,40.025,38.1838,32.6497,36.4005,45.3431,52.3259,43.0116,34.1321,34.7131,38.5876
114.809,140.759,106.794,125.419,147.003,139.176,131.548,143.736,97.0052,117.835,124.338,117.388,138.708,159.906,152.971,157.115,155.081,137.058,131.034,102.396,36.0694,25.7099,23.3452,7.2111,40.3113,9.43398,0,28.0179,1.41421,36.2215,12.083,46.2277,24.2074,17.4642,11.4018,60.8276,42.9535,69.3542,28.3196,11.4018,31.6228,48.5077,58.7282,52.811,45.6946,44.7214,49.3356,21.587,64.4127,24.3516,23.3452,21.8403,18.1108,18.4391,16.2788,21.2132,20.5913,27.5862,34.1321,32.6497,59.0085,14.3178,38.4187,39.6989,52,18.1108,24.0208,15.5563,28.4429,18.4391,36.7151,14,19.4165,18.6815,22.0227,13.3417,10,25.632,13.6015,18.0278,13.8924,30.3645,31.1448,59.0339,45.0111,57.9396,21.5407,36.7151,26.9072,45.6508,44.0114,37.2156,34.7131,39.3192,44.7772,51.0392,43.4626,31.1448,39.0128,35.3553
93.4345,122.319,87.9204,109.567,125.16,118.258,108.074,120.254,75.9276,94.0213,99.3227,99.0202,118.849,139.946,135.074,135.794,132.458,114.63,106.231,79.3095,25.1794,41.6173,38.833,34.3657,58.8218,24.6982,28.0179,0,29.0689,48.9183,17.4642,37.0135,18.3576,45.2769,27.7308,33.8378,16.1245,45.9674,52.2015,26.9258,17.1172,48.7032,41.7852,27.2029,23.6008,17.4642,24.8395,8.06226,42.45,43.2666,47.5395,8.60233,10.0499,46.0977,41.2311,19.105,24.7588,21.0238,6.32456,14.0357,31.0644,16.5529,25.0799,31.0644,68.593,32.2025,37.0135,40.8044,6,11.1803,56.6127,30.8707,9.48683,28.6007,34.2053,34.0147,23.0868,44.6542,15.8114,28.4253,37.3363,8.06226,20.6155,31.1448,17,32.8024,27.5862,34.4819,21.4709,25.9422,16,18.4391,8.48528,11.7047,23.7065,31.305,20,20.6155,11.1803,24.1868
116.211,142.172,108.208,126.823,148.405,140.584,132.925,145.114,98.4073,119.202,125.674,118.802,140.121,161.32,154.383,158.521,156.474,138.452,132.378,103.774,37.4833,26.4764,24.1868,5.83095,40.7063,9.21954,1.41421,29.0689,0,35.1283,13.4164,46.0977,24.4131,16.2788,10.7703,61.6604,44.1475,70.7107,28.2843,12.6491,33.0151,49.7293,60.1415,54.0833,46.2385,45.8912,50,22.8035,64.846,23.0868,21.9317,23.0868,19.2354,17.72,16.2788,22.6274,21.9545,29,35.2278,34,60,14.8661,38.6005,39.6232,50.6952,17.2627,25,14.1421,29.2746,19.2354,35.3553,15.0333,20.6155,19.9249,23.0868,12.1655,11.4018,24.3516,14.3178,17.4642,12.53,31.6228,32.5576,60.0083,46.0435,59.2368,22.8473,36.3593,28.3196,46.0652,45.0444,38.5876,35.9026,40.4475,46.1411,52.4309,44.7772,32.5576,40,36.7696
142.341,171.012,136.605,157.436,173.971,167.171,156.464,168.582,124.844,142.341,146.82,147.635,167.738,188.854,183.674,184.665,181.069,163.343,153.838,127.988,68.4471,61.0328,59,32.0624,72.7805,29.4109,36.2215,48.9183,35.1283,0,43.6578,33,31.1448,34.5398,25.9615,69.0797,64.3506,94.7945,57.5674,47.5184,61.7738,84.5281,89.3588,75.6637,49.3964,65.1153,55.1543,48.0208,61.2944,13.6015,22.4722,48.8774,43.909,42.3792,47.676,54.4243,55.7853,60.5392,54.4518,60.7454,72.0694,34.4819,36.0555,30.5941,20,18.9737,60.075,25.9615,44.5533,38.833,14.5602,50.1597,46.1411,54.7449,58.2151,23.0217,45.1221,13,36.2353,21.4709,24.1868,55.8032,63.0714,71.5891,61.4003,81.3204,57.2713,22.3607,60.1664,46.1736,60.6053,65.7343,57.3847,59.4138,72.2011,79.6304,68.884,63.0714,55.4437,67.5426
103.078,129.634,95.483,114.856,135.248,127.562,119.57,131.765,85.276,105.816,112.259,106.217,127.287,148.499,141.993,145.454,143.22,125.208,118.962,90.4268,25.2389,26.2488,23.4307,19.2354,43.1393,14.3178,12.083,17.4642,13.4164,43.6578,0,44.7772,21.5407,29.4109,17.8885,51.2445,31.257,57.3062,34.9285,10,19.8494,42.0119,47.4236,40.8044,38.6005,33.1361,41.1825,10,57.8014,33.8378,34.8281,10.0499,7.61577,29.0172,23.7697,10.7703,13.0384,17,23.0868,20.5913,48.3735,11.1803,34.6699,38.0789,61.4003,24.6982,22.4722,27.2029,19.7231,11.4018,47.0106,14.2127,8.06226,14.3178,19.7231,22.8035,5.83095,35.2278,9.21954,22.561,24.7588,18.4391,20,48.5077,34.2345,45.8803,15.2971,37.6563,16.5529,39.6232,33.2415,25.2389,23.0868,28,32.7567,39.2046,31.3847,20,28.6356,24.4131
122.801,153.844,120.017,143.279,152.869,147.34,133.843,145.578,106.438,119.808,122.43,131.183,149.094,169.614,166.82,163.933,158.836,141.824,129.495,107.07,62.1289,70.3278,67.6018,47.4236,86.267,36.8782,46.2277,37.0135,46.0977,33,44.7772,0,23.2594,56.0357,36.0694,40.4599,46.8402,76.0592,74.3303,53.7122,54.0833,84.7231,77.2787,57.0088,22.2036,46.4866,27.6586,41.7732,28.6356,39.2173,48.8467,42.7551,39.5601,61.7171,62.3699,52.8867,57.2451,56.8859,39.3192,51,46.0977,34,12.0416,6.7082,50.448,32.45,67.082,47.1699,31.0161,33.8378,47.1699,57.8014,41.2311,59.0931,64.405,39.4081,49.6488,39.8497,35.7771,29.8329,43.2666,45,57.3149,45.3431,40.3113,62.2415,59.808,11.7047,57.0701,17.8045,39.9249,55.0818,43.2897,42.2019,58.8558,66.2873,54.1295,57.3149,36.4005,61.131
111.396,140.616,106.231,127.906,142.899,136.235,125.32,137.441,94.0213,111.198,115.802,117.346,137.004,158.051,153.395,153.639,149.933,132.231,122.801,96.8762,41.4367,47.1699,44.4185,27.313,63.4114,15.6525,24.2074,18.3576,24.4131,31.1448,21.5407,23.2594,0,37.6431,16.4924,41.3038,33.2415,63.7809,52.4976,30.5287,33.7343,62.3939,60.0083,44.5533,23.1948,33.9706,28,20.0998,40.8534,28.1603,35.0571,21.095,17.0294,41.5933,40.4599,30.2655,34.2053,35,23.4307,31.6228,42.3792,10.8167,14.2127,16.5529,51.0882,17.2627,43.8292,30.2655,13.4536,11.0454,40.7185,34.6699,19,35.8469,41.1461,22.0907,26.4197,29.4109,12.53,13.1529,26.1725,26,36.2215,42.0595,30.5287,50.2096,36.6879,17.0294,35.0143,22.1359,29.6816,36.4005,26.6271,28.2843,42.0595,49.6488,38.2753,36.2215,24.4131,40.4475
130.92,155.666,122.147,139.445,163.11,155,148.223,160.378,113.159,134.648,141.439,132.458,154.159,175.285,167.586,173.003,171.421,153.395,148.071,119.08,51.614,31.0161,29.9666,11,39.1152,22.3607,17.4642,45.2769,16.2788,34.5398,29.4109,56.0357,37.6431,0,21.1896,77.2334,60.4152,86.3308,23.3452,25,48.3011,58.6686,74.4043,70.214,60.6383,62.1691,64.9384,39.0512,78.4347,21.0238,13.0384,39.2938,35.5106,8.06226,15.8114,37.2156,34.8281,43.2666,51.4782,49.7695,76.0592,30.0666,51.0784,50.2494,44.1022,23.6008,32.249,9.21954,45.0111,35,28.0179,24.7588,36.8782,31.1127,31.6228,16.6433,25.9422,21.5407,30,26.4197,12.8062,47.8017,47.1699,76.0263,62.2013,75.2728,34.6554,44.8219,42.4382,59.7746,61.2046,54.1295,52.1728,56.7186,61.7414,67.6018,60.7454,47.1699,56.0803,51.0392
119.604,146.986,112.699,132.575,151.644,144.278,135.207,147.411,101.863,121.248,126.909,123.556,144.312,165.517,159.455,162.052,159.298,141.354,133.776,106.212,43.0465,37.108,34.7131,11.4018,51.4296,3.60555,11.4018,27.7308,10.7703,25.9615,17.8885,36.0694,16.4924,21.1896,0,57.0088,43.8292,72.8011,38.4187,22,37.0135,58.6941,64.8151,54.7083,39.6232,45.1885,44.1814,24.0832,57.2451,16.2788,19.9249,24.7588,19.8494,25.807,26.6271,28.6356,29.8329,34.8855,34.0147,36.7696,56.8859,11.1803,29.9666,29.8329,43.566,7.07107,35.2278,14,25.7099,16.5529,29.6985,25.1794,21.9317,29.0689,33.0606,6.32456,19.2354,17.6918,12.2066,6.7082,10.0499,32.8024,37.7359,56.7186,43.6807,60.208,31.4006,25.807,34.4384,38.6005,42.72,41.7253,35.8469,39.3954,48.8365,55.8659,46.4004,37.7359,37.3631,42.19
85.7963,117.953,85.703,110.318,114.237,109.59,94.578,106.019,71.0634,80.7775,82.4621,96.5401,112.161,131.947,130.92,125.399,119.541,103.078,89.4986,69.4622,50.2096,74.7061,72.0069,66.2722,91.7878,55.0364,60.8276,33.8378,61.6604,69.0797,51.2445,40.4599,41.3038,77.2334,57.0088,0,26.1725,43.0116,86.0349,60.7454,44.0454,74.5185,52.811,28.7924,19.6977,24.0832,13.9284,41.7852,20.2237,69.2315,76.3217,42.1545,43.6807,79.2465,75,51.4782,57.3062,50.8035,29.0689,39.8246,9.05539,47.1699,33.1059,39.4462,88.5664,58.5491,69.8355,71.007,32.3883,42.4264,81.0432,64.622,43.3244,61.7171,67.1193,63.0714,56.921,70.406,47.3814,54.4518,67.0298,36.3593,48.2701,8.06226,18.6011,31.5753,60.0333,47.4131,51.614,23.3238,19.4165,40.3113,31.0644,25.807,38.2753,42.9535,33.6006,48.2701,22.8473,49.4975
78.2432,108.046,73.8241,96.566,109.659,103.078,92.1954,104.35,61.0328,78.1025,83.2166,85,104.043,125,120.934,120.416,116.726,98.9949,90.1388,63.6396,24.0416,50.5964,48.0833,49.7293,67.2309,40.7185,42.9535,16.1245,44.1475,64.3506,31.257,46.8402,33.2415,60.4152,43.8292,26.1725,0,30.6105,63.7887,39.0512,18.3576,48.4149,31.0161,11.3137,27,2.23607,24.5153,21.3776,41.7852,59.3633,63.561,21.2132,25,60.208,54.037,27.6586,33.2415,25.4951,10,14.3178,19.7231,32.6497,35.1141,42.1545,84.22,48.2597,45.5412,56.648,19.799,27.2947,72.6705,42.2966,23.5372,38.0789,43.0116,50.0899,36.0139,60.7454,31.7805,44.4072,53.3104,13,22.4722,20.2485,8.544,16.9706,35.7351,47.5079,26.4008,31.0644,8.24621,14.1421,8.24621,5,13.3417,20,8.24621,22.4722,10.4403,23.3452
47.634,77.8267,44.0114,67.9117,79.196,72.4707,62.426,74.6324,30.5287,48.5489,55.1543,55.1543,73.4983,94.4034,90.7855,89.8721,86.5563,68.6804,61.7414,33.4215,36.6742,67.4759,65.7647,76.5376,81.0247,69.4046,69.3542,45.9674,70.7107,94.7945,57.3062,76.0592,63.7809,86.3308,72.8011,43.0116,30.6105,0,83.1865,62.0322,38.0789,50.9608,19.3132,19.4165,54.4243,30.2324,50,48.8262,63.1269,88.8651,91.8096,48.2597,53.0094,84.1546,76.243,49.3964,53.1601,43.9659,40.3609,36.7151,34.0588,61.8466,64.8845,72.0694,114.551,77.9872,62.6498,84.3801,50.3289,56.7274,102.303,63.8905,51.0392,57.9741,61,78.8162,60.4152,90.2718,60.6053,74.3303,81.5414,40,39.8497,35.0571,35.7771,13.8924,54.5711,77.9359,44.9222,58.8727,36.2353,32.2025,37.4833,35.609,24.5967,19.4165,26.4008,39.8497,40.4969,36.8782
123.065,144.267,112.379,126.507,154.738,145.89,142.088,153.942,105.849,129.341,137.528,121.795,144.062,164.754,155.416,163.857,163.719,145.908,143.68,113.53,46.5296,16.1555,17.4642,27.4591,16.0312,37.4833,28.3196,52.2015,28.2843,57.5674,34.9285,74.3303,52.4976,23.3452,38.4187,86.0349,63.7887,83.1865,0,25.2982,47.0106,43.2782,67.3573,71.0282,73.0616,65.9242,76.0263,44.2719,92.1141,43.9659,36.3456,43.9659,42.5441,15.2971,12.0416,36.2215,31.0161,40.0125,57.28,50.1597,82.4621,42.2019,66.7083,67.897,67.0075,43.566,20.6155,31.6228,54.5619,45.2769,51.0882,21.587,42.72,26.0192,22.2036,36.7151,29.1548,44.643,41.0488,45,34.0147,50.9902,44.0454,82.7103,68.4105,75.0267,29.0172,64.2028,39.0128,73.4983,67.4463,53,56.2939,61.6117,60.075,63.7887,61.0328,44.0454,63.2456,46.3897
105.948,130.832,97.1854,114.978,138.13,130,123.471,135.595,88.2043,110.023,117.175,107.564,129.19,150.333,142.864,148.003,146.492,128.472,123.693,94.3663,26.6271,16.6433,13.8924,17.4929,33.2415,19.105,11.4018,26.9258,12.6491,47.5184,10,53.7122,30.5287,25,22,60.7454,39.0512,62.0322,25.2982,0,24.0416,37.108,49.4065,47.3814,48.6004,41.1096,51.1077,18.9737,67.8012,35.7351,33.8378,18.6815,17.4929,22.1359,15,12.6491,9.89949,18.3576,32.0156,26.3059,57.2713,19.7231,44.2041,47.0106,63.3246,29.0172,13.6015,26.0768,29.6816,21.2132,47.8539,4.24264,17.4642,7.28011,11.1803,24.7386,4.24264,37,18.0278,28.1603,25.0799,26.0768,22.3607,57.4891,43.1741,51.9711,10.2956,45.5412,17.4929,49.5782,42.2019,30.0832,31.257,36.4966,37.6431,42.9535,37.4833,22.3607,37.9473,26.0768
83.2406,109.986,75.743,95.7183,115.421,107.713,99.985,112.161,65.437,86.3539,93.2309,86.5563,107.48,128.693,122.442,125.607,123.458,105.437,99.8098,70.8308,8.06226,32.7567,30.4138,38.833,49.0408,33.4215,31.6228,17.1172,33.0151,61.7738,19.8494,54.0833,33.7343,48.3011,37.0135,44.0454,18.3576,38.0789,47.0106,24.0416,0,32.2025,27.8029,24.0208,39.3954,20.5913,39.1152,13.9284,57.1402,53.2635,54.6717,13,17.8885,46.1736,38.6394,11.4018,16,7.28011,17,4.24264,38.0789,27.2947,42.19,48,80.4487,43.2666,27.6586,47.0106,23.0868,23.4094,66.6033,26.3059,15.6525,21,25.318,42.45,22.3607,54.6717,25.5539,40.3113,44.5982,9.48683,4.24264,38.5876,25.4951,28.1603,18.1108,50.636,8.24621,42.3792,24.7588,6.08276,13.6015,18.3848,13.6015,19.4165,14.0357,4.24264,23.0217,7.07107
82.28,101.242,70.3847,83.2406,113.088,103.87,102.391,113.759,66.0984,90.7965,100.245,79.177,101.533,121.939,112.201,121.672,122.43,104.995,105.683,75.326,24.6982,28.4253,28.8444,54.0833,34.176,55.4437,48.5077,48.7032,49.7293,84.5281,42.0119,84.7231,62.3939,58.6686,58.6941,74.5185,48.4149,50.9608,43.2782,37.108,32.2025,0,31.7805,48.4149,71.5891,50.448,71.1969,42.9535,89.1852,72.8011,69.857,41.9762,45.3982,52.4309,43.2666,32.1403,29.0689,27.8927,49.1935,36.2353,67.1789,53.0094,73.2462,78.2624,100.245,65.7647,26.4197,62.3939,54.4059,51.3517,84.5044,35.1141,43.566,29.8329,27.313,61.8466,39.4588,74.0405,51.0098,64.2806,61.9839,41.6293,28.2312,67.897,56.6127,49.3964,27.2947,79.2275,27.6586,74.4648,56.0357,34.4093,45.6508,49.93,36.7967,34.9857,41.0366,28.2312,55.0727,25.5539
56.6039,82.2192,48.0833,68.0955,88.7525,80.604,74.8465,86.8159,38.9487,61.9839,70.406,58.7963,79.9812,101.178,94.6414,98.6002,97.2471,79.2591,76.4003,46.1736,22.8035,51.2445,49.98,65.8559,63.1981,61.2209,58.7282,41.7852,60.1415,89.3588,47.4236,77.2787,60.0083,74.4043,64.8151,52.811,31.0161,19.3132,67.3573,49.4065,27.8029,31.7805,0,24.0416,58.0086,32.0156,55.1453,41.3401,71.3863,81.0555,82.0366,40.4969,45.4863,70.8308,62.1772,37.5366,39.6611,31.241,38.0789,28.6531,44.0114,54.9181,65.307,72.0347,108.227,71.0282,46.8188,74.2765,47.4342,50.6063,94.3663,50.2494,43.2666,43.909,45.6946,70.1783,48.9183,82.4621,53.2541,67.9559,72.1388,34.0147,27.5862,44.9444,39.0512,21.9545,40.3113,76.2168,32.0156,62.0725,39.0128,23.7065,34.2053,35.2278,18.4391,11.0454,23.1948,27.5862,41.1947,23.4307
67.0075,97.1288,63.0714,86.3308,98.3514,91.8314,80.9197,93.086,49.93,66.8431,72.2011,74.2496,92.9139,113.811,110.059,109.124,105.418,87.6812,79.0759,52.3259,26.5707,56.5685,54.3323,59.808,72.2772,51.4782,52.811,27.2029,54.0833,75.6637,40.8044,57.0088,44.5533,70.214,54.7083,28.7924,11.3137,19.4165,71.0282,47.3814,24.0208,48.4149,24.0416,0,35.9026,10.8167,32.1403,31.3847,47.5184,70.4557,74.2428,31.0161,35.3412,69.2315,62.2896,35.0571,40.0125,31.1448,21.2603,21.095,20.1246,43.566,45.618,52.7731,95.5249,59.4054,51.4782,67.1193,31.1127,38.2753,83.8153,50.0899,33.6155,45.0111,49.2544,60.9016,44.911,71.8471,42.5441,55.6058,63.9531,22.4722,27.2947,21.0238,16.7631,5.65685,42.107,58.5235,32.1403,40.2616,17.088,18.1108,18.868,16.2788,12.083,14.4222,10,27.2947,21.095,26.2488
100.722,132.004,98.4327,122.123,130.668,125.196,111.665,123.434,84.5813,97.6166,100.419,109.563,127.059,147.492,144.997,141.736,136.653,119.62,107.49,84.9058,47.1699,64.4438,61.6198,50,81.5659,38.3275,45.6946,23.6008,46.2385,49.3964,38.6005,22.2036,23.1948,60.6383,39.6232,19.6977,27,54.4243,73.0616,48.6004,39.3954,71.5891,58.0086,35.9026,0,26.0768,5.83095,31.1448,19.2094,50.2494,58.0086,31.8904,31.241,63.9062,61.2944,42.638,48.1664,44.4185,22.4722,35.4683,24.0416,31.3847,13.4164,20,68.8767,40,60.1082,53.4603,19.105,27.7849,61.6117,52.8015,31.8277,51.6236,57.28,45.2769,44.4072,51.3517,32.2025,36.0139,49.366,29.9666,43.382,23.3452,19.2354,40.8044,50.9902,27.7849,44.9444,4.47214,19.105,38.3275,26.2488,23.1948,40.1123,47,35.0571,43.382,17.2627,46.2385
77.801,107.912,73.7902,96.7988,109.041,102.616,91.351,103.479,60.7454,77.2334,82.0975,84.9706,103.73,124.619,120.83,119.854,115.974,98.3107,89.0505,62.9682,26.1725,52.811,50.2892,51.4198,69.4622,42.1545,44.7214,17.4642,45.8912,65.1153,33.1361,46.4866,33.9706,62.1691,45.1885,24.0832,2.23607,30.2324,65.9242,41.1096,20.5913,50.448,32.0156,10.8167,26.0768,0,23.1948,23.1948,40.1622,60.5392,65,23.0868,26.6833,62.1289,56.0803,29.8329,35.4401,27.7308,11.1803,16.5529,17.4929,34.0147,34.9285,42.0476,85.0412,49.3964,47.7598,58.1893,20.6155,28.6356,73.7835,44.4072,25.318,40.2616,45.2217,51.4782,38,61.9112,33.2415,45.4863,54.7814,15.0333,24.6982,18.0278,7.07107,16.4012,37.9473,47.7074,28.6356,30.2655,7,16.2788,10.0499,5.83095,14.8661,21.095,9.84886,24.6982,10.2956,25.4951
95.7131,127.236,93.9202,117.881,125.363,120.067,106.212,117.924,79.8499,92.2009,94.7945,105.005,122.09,142.394,140.236,136.459,131.21,114.285,101.863,79.7559,46.5296,66.4003,63.6003,54.1295,83.6002,42.5793,49.3356,24.8395,50,55.1543,41.1825,27.6586,28,64.9384,44.1814,13.9284,24.5153,50,76.0263,51.1077,39.1152,71.1969,55.1453,32.1403,5.83095,23.1948,0,32.8024,18.0278,55.5788,63.0317,33.4215,33.6155,67.72,64.4748,43.8634,49.5782,44.8219,22.2036,34.9857,18.4391,35.171,19.2354,25.807,74.686,45.0999,61.8466,58.1378,21.4709,31.0161,67.1863,55.2268,33.8378,53.4135,59.0339,50.04,47.0106,56.7186,35.7351,41.0488,54.0833,30,43.2666,17.6918,16.1245,36.6742,52.4023,33.6155,45.4533,9.89949,16.2788,37.1618,25.5539,21.5407,37.855,44.2832,32.7567,43.2666,16.1245,45.6508
95.5249,123.227,88.8651,109.417,127.562,120.216,111.252,123.458,77.7946,97.3499,103.354,99.8098,120.341,141.534,135.801,137.975,135.248,117.29,110.145,82.201,21.3776,33.6006,30.8058,28.4605,50.8035,20.6155,21.587,8.06226,22.8035,48.0208,10,41.7732,20.0998,39.0512,24.0832,41.7852,21.3776,48.8262,44.2719,18.9737,13.9284,42.9535,41.3401,31.3847,31.1448,23.1948,32.8024,0,50.2096,40.3113,43.0465,1,4.24264,39.0128,33.541,11.6619,17.0294,15.1327,13.1529,12.8062,38.4708,13.6015,30.3645,35.3553,67.0075,29.8329,29.0689,35.7771,12.2066,9.48683,53.7587,22.8473,2.23607,20.6155,26.2488,30,15.2971,41.7253,12.0416,26.6271,32.7567,8.94427,16.1245,38.6394,24.3311,36.6742,19.8494,37.1214,15.2971,33.0151,23.3452,17.8045,13.1529,18,24.7588,31.8904,22.4722,16.1245,18.9737,20.3961
105.622,137.928,105.906,130.541,133.27,129.077,113.252,124.342,91.2195,99.7296,100.404,116.709,131.913,151.397,150.867,144.451,138.062,122.09,107.336,89.1964,64.4981,83.6301,80.8084,68.1542,100.767,56.4624,64.4127,42.45,64.846,61.2944,57.8014,28.6356,40.8534,78.4347,57.2451,20.2237,41.7852,63.1269,92.1141,67.8012,57.1402,89.1852,71.3863,47.5184,19.2094,40.1622,18.0278,50.2096,0,65.3758,74.1485,50.9117,50.448,82.3468,80.2621,61.5549,67.1789,62.8013,40.2244,53,29.0689,50.1199,27.6586,31,79.0759,56.2939,79.2465,70.6045,38.2884,46.8722,75.0267,72.0069,50.9902,70.7672,76.4199,62.3618,63.6003,66.2722,51.1077,52.6308,66.4831,48.0104,61.2944,28.0713,33.2415,51.0882,70.0071,39.0512,63.4114,18.7883,33.6155,55.0091,43.566,39.3573,55.0273,60.8769,49.98,61.2944,34.1321,63.6318
135.831,163.248,128.973,148.691,167.836,160.527,151.208,163.404,118.106,137.201,142.58,139.818,160.59,181.794,175.696,178.281,175.411,157.493,149.496,122.287,59.0762,48.0416,46.1736,19.105,59.2284,19.8494,24.3516,43.2666,23.0868,13.6015,33.8378,39.2173,28.1603,21.0238,16.2788,69.2315,59.3633,88.8651,43.9659,35.7351,53.2635,72.8011,81.0555,70.4557,50.2494,60.5392,55.5788,40.3113,65.3758,0,10,41.0122,36.0694,28.7924,34.2345,44.4185,44.7772,50.774,49.3964,53.0377,70.5195,27.0185,38.0132,34.7131,27.7308,11.1803,47.5184,12.3693,40.2492,32.2025,13.4536,37.855,38.1838,43.0116,45.8912,11.1803,34.0147,1.41421,28.3196,15.2315,11.0454,48.9183,53.8238,70.214,58.1808,76.0263,45.8803,27.5136,50.2494,48.0104,57.2713,58,51.614,54.7083,65.0692,72.1388,62.482,53.8238,51.8941,58.2495
137.906,164.104,130.115,148.678,170.074,162.373,154.208,166.412,120.104,140.357,146.373,140.73,162.003,183.208,176.309,180.278,178.003,160,153.183,125.1,59.4138,43.1741,41.7612,16.4012,52.1536,22.8473,23.3452,47.5395,21.9317,22.4722,34.8281,48.8467,35.0571,13.0384,19.9249,76.3217,63.561,91.8096,36.3456,33.8378,54.6717,69.857,82.0366,74.2428,58.0086,65,63.0317,43.0465,74.1485,10,0,43.566,38.9487,21.095,28.2843,44.5533,43.6005,50.9313,53.8516,55.2178,76.6877,31.0161,46.5296,43.9659,31.257,18.0278,43.6578,7.81025,45.607,36.4005,15.1327,34.8855,40.8167,40.8167,42.5441,13.6015,33.3017,9.89949,31.7805,22,10.2956,51.9711,54.4518,76.4853,63.6003,79.6492,44.1022,37.1618,50.2494,56.2228,62.6418,60,55.4617,59.2368,67.424,74.027,65.5134,54.4518,57.28,58.6941
94.8472,122.442,88.0909,108.559,126.905,119.52,110.68,122.886,77.1038,96.7988,102.883,99.0202,119.604,140.801,135,137.295,134.629,116.662,109.659,81.6088,20.3961,33.0151,30.2324,28.7924,50.2195,21.2603,21.8403,8.60233,23.0868,48.8774,10.0499,42.7551,21.095,39.2938,24.7588,42.1545,21.2132,48.2597,43.9659,18.6815,13,41.9762,40.4969,31.0161,31.8904,23.0868,33.4215,1,50.9117,41.0122,43.566,0,5,39.0512,33.3766,10.8167,16.2788,14.1421,13.3417,12.0416,38.6394,14.4222,31.3209,36.3456,67.8012,30.6105,28.4253,36.2353,13.0384,10.4403,54.4518,22.4722,2.82843,20,25.6125,30.6105,15.1327,42.4264,12.8062,27.4591,33.2866,8.544,15.1327,38.833,24.5153,36.2491,19.105,38.1182,14.3178,33.8378,23.5372,17.0294,13.0384,18.0278,24.0832,31.1448,21.9545,15.1327,19.3132,19.4165
