0,14.8661,26.4008,15.5242,8.24621,19.6977,21.095,14.1421,18.9737,19.3132,14.1421,29.0689,28.0179,12.0416,32.0624,31.7648,22.4722,18.0278,10.8167,27.6586,35.4683,12.1655,10.198,23.2594,32.7567,12.6491,17.0294,35.1141,36.0555,3.60555,54.4243,46.5296,57.2451,44.2041,67.8823,55.6058,50.3289,59.4811,30.0167,35.3553,143.22,144.402,142.004,146.605,147.801,146.209,143.84,149.013,145.086,148.678,150.864,146.986,161.474,158.028,153.681,163.371,154.693,164.347,155.724,165.846,136.693,132.401,128.16,137.713,129.248,133.989,129.8,139.284,135.074,120.416,115.521,135.204,121.05,130.863,111.198,116.662,122.004,117.175,122.262,127.613,118.004,102.883,104.202,102.474,101.71,107.042,107.541,103.247,106,110.136,105.948,81.6884,82.9759,85.276,88.7299,90.0278,86.3134,95.1315,93.3809,89.8053
14.8661,0,39.6989,20.5913,20.6155,25.5539,13.3417,24.8395,33.8378,12.6491,28.1603,37.1214,38.6005,26.6833,29.5466,37.0135,33.7343,23.3238,20.3961,13.0384,23.7697,7.28011,13,16.4924,18.1108,19.3132,6.7082,28.0713,25.7099,16.1245,39.5601,36.8782,47.5395,30.4138,54.8179,43.8292,42.19,49.7293,21.0238,23.2594,129.016,130.25,127.914,132.439,133.686,132.136,129.835,134.952,131.137,134.715,136.883,133.124,146.769,143.388,139.086,148.718,140.132,149.723,141.198,151.268,122.115,117.886,113.719,123.175,114.856,119.541,115.434,124.808,120.673,105.721,100.807,120.569,106.301,116.284,97.5807,101.868,107.201,102.357,107.448,112.792,103.16,88.1022,89.4707,87.818,87.1321,92.4392,92.9624,88.7525,91.526,95.6922,91.6079,67.897,69.2965,71.4493,74.9667,76.3675,72.9178,81.3449,79.9812,76.6942
26.4008,39.6989,0,37.9473,19.105,39.8121,47.4342,15.6525,15.1327,36.7696,23.0868,43.1045,37.6563,20.3961,55.9732,49.0102,33.1361,39.2938,31.6228,50.774,61.8466,33.8378,35.8469,49.3964,55.5698,35.1141,38.5876,60.8276,62.426,27.7849,78.032,72.7186,83.3547,70.0357,94.1116,82.0061,76.0263,85.5862,56.3028,53.4509,168.668,169.921,167.601,172.105,173.367,171.825,169.532,174.642,170.836,174.413,176.581,172.818,185.734,182.538,178.34,187.832,179.446,188.905,180.569,190.541,161.419,157.293,153.219,162.542,154.402,159.028,155,164.259,160.206,141.354,136.624,159.765,142.338,155.596,137.208,138.351,143.736,139.086,144.101,149.486,140.236,126.909,128.472,127.028,126.491,131.746,132.31,128.222,131.015,135.207,131.21,107.564,108.931,111.126,114.63,116,112.432,121.017,119.503,116.043
15.5242,20.5913,37.9473,0,23.0868,5,15.2971,29.0689,25.2389,31.1127,16.4012,16.5529,19.0263,17.8885,18.0278,17.0294,15.2971,2.82843,6.32456,32.28,29.5466,23.3452,7.81025,15.2315,36.8782,3,26.4008,24.0832,28.3019,12.1655,55.1453,36.7696,46.8615,40.8044,61.5873,47.8017,38.833,49.0408,21.9545,43.8292,138.423,139.431,136.858,141.662,142.688,140.982,138.438,143.736,139.517,143.122,145.344,141.174,158.773,154.945,150.376,160.328,151.212,161.137,152.069,162.388,133.417,128.86,124.338,134.239,125.22,130.146,125.67,135.518,131.034,122.332,117.346,132.231,122.589,127.632,105.119,117.835,123.045,118.089,123.179,128.413,118.533,101.242,102.142,99.96,98.7927,104.178,104.547,99.925,102.552,106.513,101.98,76.5376,77.5242,80.1311,83.3547,84.3801,80.1561,89.6939,87.0919,83.006
8.24621,20.6155,19.105,23.0868,0,26.6833,29.0689,6,16.1245,20.025,15.6205,34.4819,31.8904,12.2066,40.1995,38.2753,26.2488,25.318,17.4642,32.2025,43.0116,15.2315,18.4391,31.3847,37.1618,20.0998,20.2485,43.3244,43.909,11,59.4811,54.5619,65.307,50.9313,75.0733,63.2456,58.5235,67.5426,38.0132,37.1214,149.626,150.864,148.529,153.052,154.302,152.751,150.446,155.567,151.743,155.322,157.493,153.717,167.075,163.783,159.531,169.098,160.605,170.135,161.697,171.724,142.58,138.398,134.272,143.67,135.429,140.089,136.015,145.341,141.241,124.193,119.369,140.982,125,136.752,118.106,120.806,126.178,121.433,126.491,131.867,122.43,108.301,109.772,108.227,107.615,112.898,113.442,109.289,112.071,116.25,112.201,88.459,89.8276,92.0217,95.5249,96.8969,93.3488,101.912,100.419,97
19.6977,25.5539,39.8121,5,26.6833,0,19,32.5576,26,36.0694,17.088,11.7047,15.1327,19.4165,17.2047,12.2066,12.53,2.23607,9.21954,37,32.28,28.2843,12.8062,18.2483,41.4849,7.2111,31.4006,25,30.4631,16.1555,59.0085,37.8021,47.3814,43.9318,63.5295,49.3964,38.9487,49.4975,24.3516,48.7647,140.471,141.421,138.798,143.656,144.627,142.888,140.293,145.619,141.315,144.917,147.146,142.888,161.4,157.471,152.846,162.856,153.629,163.615,154.434,164.794,135.93,131.309,126.716,136.693,127.534,132.503,127.953,137.884,133.33,126.143,121.149,134.833,126.321,130.173,106.85,121.499,126.669,121.696,126.775,131.973,122.053,104.293,105.081,102.786,101.514,106.892,107.224,102.528,105.109,109.005,104.389,78.721,79.6053,82.2922,85.4225,86.3539,81.9878,91.7061,88.8369,84.5991
21.095,13.3417,47.4342,15.2971,29.0689,19,0,34.5398,37.6431,25.9615,29.6816,30.2655,34.0588,29.8329,16.6433,27.8568,30.5941,17.0294,19.2354,20,15,20.025,12.0416,3.16228,23.7065,16.1555,19.9249,15.0333,15,19.8494,40.0125,25.4951,36.2491,25.632,47.634,34.7131,29.8329,38.4838,8.94427,33.2415,124.02,125.096,122.589,127.318,128.413,126.752,124.278,129.53,125.431,129.035,131.244,127.201,143.781,140.036,135.518,145.413,136.4,146.263,137.306,147.58,118.533,114.039,109.59,119.407,110.535,115.412,111.018,120.768,116.362,107.168,102.176,117.273,107.378,112.73,91.214,102.591,107.787,102.825,107.912,113.137,103.247,86.0233,86.977,84.8646,83.7735,89.1572,89.5545,85,87.6641,91.6788,87.2353,62.1289,63.2456,65.7343,69.0652,70.214,66.2193,75.452,73.2462,69.4262
14.1421,24.8395,15.6525,29.0689,6,32.5576,34.5398,0,17.8885,21.1896,20,39.8121,36.6197,16.4012,46.1736,43.9659,31.0644,31.257,23.3452,35.2278,48.0208,18.4391,24.3311,37,39.9625,26.0768,23.0217,49.0408,49.1935,17,62.434,60.0083,70.7743,55.2268,79.6492,68.2642,64.195,73.0068,43.4626,38.0789,153.388,154.674,152.398,156.847,158.142,156.63,154.383,159.452,155.724,159.289,161.443,157.762,170.135,166.976,162.807,172.261,163.933,173.349,165.076,175.011,145.908,141.824,137.801,147.054,139.014,143.6,139.628,148.809,144.807,125.873,121.116,144.222,126.811,140.089,122.348,122.776,128.16,123.491,128.515,133.899,124.615,111.306,112.898,111.503,111.018,116.25,116.829,112.801,115.603,119.808,115.884,92.6337,94.0691,96.1665,99.7046,101.139,97.7446,106.066,104.805,101.533
18.9737,33.8378,15.1327,25.2389,16.1245,26,37.6431,17.8885,0,36.0139,8.94427,28.0179,22.561,7.81025,42.9418,34.1321,18.0278,25.9422,19.2094,46.5725,52.6308,30.2655,25.6125,38.8973,51.6624,22.8035,35.3553,49.2037,52.345,18.3576,73.3894,61.7171,72.0069,62.434,85.276,72.1388,64.0703,74.2024,45.9674,53.0094,161.419,162.542,160.078,164.757,165.895,164.259,161.821,167.048,163.003,166.604,168.808,164.806,180.228,176.706,172.308,182.06,173.28,183.003,174.27,184.448,155.309,150.95,146.632,156.285,147.665,152.463,148.189,157.785,153.496,139.27,134.391,153.883,139.946,149.482,128.845,135.595,140.943,136.125,141.209,146.564,136.971,121.742,123.004,121.198,120.354,125.706,126.178,121.803,124.531,128.631,124.342,99.6243,100.802,103.228,106.607,107.801,103.856,113.004,110.887,107.056
19.3132,12.6491,36.7696,31.1127,20.025,36.0694,25.9615,21.1896,36.0139,0,33.2415,47.0106,47.0106,30.5941,42.1545,48.1041,41.5933,33.9411,28.8444,15.8114,34.3657,7.81025,23.3452,29.1204,19.799,29.0689,6.08276,40.4475,37.054,22.3607,42.0119,48.1664,58.5491,38.0132,62.6498,53.4509,54,60.6712,33.1361,17.1172,133.735,135.104,132.944,137.244,138.622,137.186,135.059,140.014,136.488,140.014,142.13,138.658,149.496,146.479,142.411,151.727,143.6,152.869,144.807,154.616,125.603,121.659,117.796,126.823,119.097,123.556,119.754,128.69,124.844,104.695,99.93,123.81,105.622,119.808,103.856,101.592,106.977,102.318,107.336,112.721,103.47,90.6973,92.4175,91.214,90.9065,96.0469,96.6747,92.8493,95.6713,99.905,96.2081,74.2024,75.8024,77.6209,81.2158,82.801,79.8812,87.4586,86.8389,84.0595
14.1421,28.1603,23.0868,16.4012,15.6205,17.088,29.6816,20,8.94427,33.2415,0,20.6155,16.6433,3.60555,34,26.0192,11.1803,17,10.6301,41.1947,44.6542,26.3059,17.8885,30.6105,46.2709,14.1421,31.1448,40.4599,44.0454,12.0416,67.1863,53.0754,63.2535,55.0091,77.201,63.7809,55.2178,65.437,37.6431,49.4975,153.701,154.777,152.266,157,158.092,156.426,153.942,159.201,155.081,158.685,160.897,156.822,173.142,169.496,165.027,174.866,165.946,175.756,166.883,177.124,148.03,143.59,139.187,148.946,140.161,145.014,140.656,150.36,145.99,133.821,128.891,146.697,134.347,142.215,120.801,129.838,135.148,130.269,135.366,140.688,130.969,114.948,116.078,114.127,113.159,118.533,118.966,114.49,117.184,121.235,116.846,91.8096,92.9139,95.4149,98.737,99.8649,95.8019,105.119,102.801,98.8585
29.0689,37.1214,43.1045,16.5529,34.4819,11.7047,30.2655,39.8121,28.0179,47.0106,20.6155,0,7.2111,24.0416,23.2594,7.2111,10,13.9284,18.3848,48.7032,42.2966,39.2046,24.1868,29.0172,53.1601,18.0278,42.72,32.8938,39.8121,25.4951,70.0643,45.1885,53.535,54.231,71.8679,57.3847,44.6542,55.4707,34.2345,60.3738,148.556,149.402,146.697,151.638,152.506,150.712,148.03,153.395,148.946,152.532,154.768,150.36,170.449,166.355,161.645,171.735,162.336,172.409,163.049,173.459,144.838,140.118,135.418,145.499,136.125,141.152,136.488,146.537,141.873,137.015,132.015,143.892,137.091,139.14,114.49,132.185,137.295,132.306,137.364,142.506,132.544,114.14,114.756,112.294,110.86,116.211,116.482,111.683,114.18,117.953,113.217,87.3155,88.0227,90.824,93.7763,94.541,89.9611,99.925,96.6075,92.1303
28.0179,38.6005,37.6563,19.0263,31.8904,15.1327,34.0588,36.6197,22.561,47.0106,16.6433,7.2111,0,20.2485,29.6816,14.4222,5.65685,17.0294,18.3848,50.9902,47.2969,39.3573,25.7099,33.3766,55.7315,19.4165,43.4626,38.9102,45.2217,24.6982,74.0608,51.4782,60.2163,59.0339,77.8781,63.5059,51.4004,62.2013,39.2938,61.6847,154.742,155.631,152.958,157.867,158.777,157.003,154.353,159.706,155.309,158.902,161.137,156.78,176.173,172.169,167.502,177.553,168.241,178.272,169,179.388,150.632,145.962,141.315,151.347,142.077,147.078,142.468,152.463,147.851,141.227,136.235,149.603,141.428,144.9,120.83,136.62,141.796,136.825,141.905,147.105,137.186,119.331,120.071,117.72,116.387,121.758,122.066,117.324,119.871,123.713,119.038,93.2309,94.0213,96.7729,99.8098,100.648,96.1509,106.024,102.883,98.4886
12.0416,26.6833,20.3961,17.8885,12.2066,19.4165,29.8329,16.4012,7.81025,30.5941,3.60555,24.0416,20.2485,0,35.8469,29.1548,14.7648,18.9737,11.6619,39.6232,44.8219,24.0208,17.8045,31.1127,44.7214,15.2643,29,41.6173,44.5533,10.7703,66.0984,54.037,64.405,54.7083,77.4661,64.3506,56.6039,66.6108,38.1838,47.1699,153.652,154.768,152.296,156.984,158.114,156.474,154.029,159.261,155.206,158.808,161.012,157.003,172.63,169.068,164.648,174.428,165.605,175.354,166.58,176.777,147.648,143.265,138.924,148.607,139.943,144.755,140.46,150.083,145.774,132.382,127.475,146.25,132.981,141.824,121.037,128.55,133.881,129.031,134.123,139.463,129.808,114.237,115.451,113.596,112.712,118.072,118.533,114.127,116.846,120.934,116.619,91.8368,93.0054,95.4411,98.813,100,96.0469,105.209,103.078,99.2472
32.0624,29.5466,55.9732,18.0278,40.1995,17.2047,16.6433,46.1736,42.9418,42.1545,34,23.2594,29.6816,35.8469,0,17.4642,29,17,24.3516,36.0694,21.587,35.4401,22,13.6015,39.0512,20.8806,36.2491,10.0499,18.1108,29.2746,50.6952,21.9317,30.6105,33.3766,48.7032,34.176,21.9317,32.6497,14.3178,49.5782,125.3,126.143,123.438,128.378,129.248,127.456,124.78,130.142,125.706,129.294,131.529,127.142,147.411,143.252,138.514,148.627,139.176,149.272,139.864,150.283,121.758,117.004,112.272,122.381,112.947,117.987,113.296,123.369,118.68,116.276,111.288,120.88,116.108,116.09,91.2414,111.041,116.004,111.005,116,121.017,111.018,91.7878,92.228,89.627,88.0738,93.3916,93.6216,88.7694,91.214,94.921,90.1388,64.195,64.846,67.6757,70.5762,71.3092,66.7083,76.6942,73.3485,68.884
31.7648,37.0135,49.0102,17.0294,38.2753,12.2066,27.8568,43.9659,34.1321,48.1041,26.0192,7.2111,14.4222,29.1548,17.4642,0,16.4924,14.2127,21.0238,47.4131,38.0132,40.3609,24.7588,25.9615,51.4782,19.4165,43.1856,27.4591,35.0571,28.178,66.6108,39.2173,47.0106,50.01,66.0984,51.5461,38.0789,48.8774,30.0666,59.9083,142.468,143.265,140.528,145.499,146.322,144.506,141.792,147.167,142.664,146.24,148.476,144.014,164.842,160.655,155.901,166.027,156.541,166.652,157.204,167.631,139.176,134.406,129.653,139.778,130.3,135.351,130.633,140.73,136.015,133.06,128.062,138.322,133.004,133.522,108.259,128.004,133.034,128.035,133.06,138.13,128.141,109.179,109.659,107.079,105.537,110.856,111.086,106.231,108.669,112.361,107.564,81.6088,82.2192,85.0706,87.9204,88.6002,83.9345,93.984,90.471,85.9069
22.4722,33.7343,33.1361,15.2971,26.2488,12.53,30.5941,31.0644,18.0278,41.5933,11.1803,10,5.65685,14.7648,29,16.4924,0,13.9284,13.3417,46.3897,44.5982,34.0147,21.095,30.3645,51.2445,15,38.2753,37.4433,42.9535,19.2354,70.3491,50.2195,59.5483,56.0446,76.0592,61.9112,50.9313,61.6198,36.7696,56.6127,153,153.951,151.327,156.186,157.156,155.416,152.817,158.146,153.834,157.436,159.665,155.396,173.819,169.924,165.315,175.308,166.111,176.082,166.928,177.279,148.385,143.781,139.205,149.164,140.036,144.997,140.46,150.376,145.836,137.525,132.544,147.258,137.819,142.618,119.365,133.09,138.311,133.36,138.452,143.694,133.821,116.482,117.341,115.109,113.886,119.269,119.616,114.948,117.546,121.462,116.867,91.236,92.1303,94.8103,97.949,98.8838,94.5145,104.235,101.356,97.0979
18.0278,23.3238,39.2938,2.82843,25.318,2.23607,17.0294,31.257,25.9422,33.9411,17,13.9284,17.0294,18.9737,17,14.2127,13.9284,0,8,34.7851,30.6757,26.1725,10.6301,16.4924,39.2938,5.38516,29.2062,24.0832,29.0689,14.5602,57.0351,36.8782,46.6905,42.2019,62.2656,48.2597,38.4187,48.8365,22.8473,46.5296,139.187,140.161,137.557,142.394,143.388,141.662,139.086,144.402,140.132,143.736,145.962,141.739,159.891,156,151.397,161.385,152.201,162.163,153.026,163.371,134.462,129.865,125.3,135.248,126.143,131.095,126.574,136.473,131.947,124.197,119.206,133.33,124.403,128.693,105.688,119.604,124.788,119.821,124.904,130.115,120.208,102.616,103.446,101.193,99.96,105.342,105.688,101.02,103.619,107.541,102.956,77.3692,78.2943,80.9506,84.119,85.0882,80.7775,90.4268,87.6641,83.4865
10.8167,20.3961,31.6228,6.32456,17.4642,9.21954,19.2354,23.3452,19.2094,28.8444,10.6301,18.3848,18.3848,11.6619,24.3516,21.0238,13.3417,8,0,33.1361,34.1321,21.095,8.06226,20,38.0526,3.60555,25.0799,30,33.4215,7.2111,57.8705,42.5206,52.8015,44.7772,66.6108,53.1507,44.9444,55,27.0185,43.3244,143.21,144.267,141.739,146.492,147.567,145.89,143.391,148.661,144.516,148.122,150.336,146.24,162.963,159.248,154.742,164.624,155.631,165.484,156.541,166.811,137.753,133.27,128.825,138.636,129.769,134.648,130.25,140.004,135.595,124.904,119.942,136.473,125.3,131.947,110.209,120.669,125.936,121.017,126.115,131.4,121.598,105.005,106.042,104,102.956,108.337,108.747,104.216,106.888,110.91,106.471,81.3019,82.3772,84.9058,88.2043,89.3085,85.2115,94.578,92.2009,88.2383
27.6586,13.0384,50.774,32.28,32.2025,37,20,35.2278,46.5725,15.8114,41.1947,48.7032,50.9902,39.6232,36.0694,47.4131,46.3897,34.7851,33.1361,0,21.3776,17,25.318,22.6716,5.09902,31.5753,12.2066,30.8869,25,29.1548,27.2947,35.3553,45.0111,22.4722,46.9574,38.6394,41.9762,47,23.3238,13.6015,118.343,119.67,117.456,121.828,123.167,121.696,119.52,124.523,120.917,124.459,126.59,123.045,134.97,131.765,127.581,137.058,128.705,138.134,129.85,139.786,110.68,106.607,102.616,111.83,103.856,108.407,104.484,113.6,109.636,92.7631,87.8635,109,93.3916,104.862,88.0909,89.0225,94.3716,89.56,94.6414,100,90.4434,76.1577,77.6981,76.2758,75.8024,81.0247,81.6088,77.6209,80.4301,84.6463,80.8084,58.4123,60,61.8466,65.437,67.0075,64.0703,71.7008,71.0282,68.2642
35.4683,23.7697,61.8466,29.5466,43.0116,32.28,15,48.0208,52.6308,34.3657,44.6542,42.2966,47.2969,44.8219,21.587,38.0132,44.5982,30.6757,34.1321,21.3776,0,31.0161,27.0185,14.3178,21.9317,30.8869,28.6356,12.53,4.24264,34.6554,29.1204,14.0357,24.1868,12,32.6497,20.2485,20.6155,26.3059,8.06226,34.176,109.078,110.136,107.615,112.361,113.442,111.772,109.289,114.547,110.436,114.039,116.25,112.201,129.244,125.399,120.83,130.782,121.672,131.59,122.54,132.85,103.87,99.3177,94.8103,104.695,95.7131,100.623,96.1769,105.991,101.533,95.0474,90.05,102.694,95,98.0867,76.2168,90.0222,95.0842,90.0888,95.1315,100.245,90.2718,72.0347,72.8011,70.5195,69.2892,74.6726,75.0267,70.3847,73.0068,76.9675,72.45,47.1699,48.2597,50.774,54.0833,55.2178,51.225,60.4649,58.258,54.4885
12.1655,7.28011,33.8378,23.3452,15.2315,28.2843,20.025,18.4391,30.2655,7.81025,26.3059,39.2046,39.3573,24.0208,35.4401,40.3609,34.0147,26.1725,21.095,17,31.0161,0,15.6205,23.0868,21.9317,21.2603,5.09902,35,32.9848,14.8661,44.2945,44.1475,54.8179,37.0135,61.6117,50.9902,49.366,57.0088,28.1603,23.1948,134.952,136.235,133.959,138.409,139.703,138.192,135.949,141.014,137.295,140.858,143.01,139.345,151.954,148.718,144.506,154.019,145.609,155.081,146.731,156.707,127.581,123.458,119.403,128.705,120.603,125.208,121.211,130.43,126.4,109.142,104.293,125.936,109.895,121.758,104.005,105.65,111.018,106.254,111.319,116.692,107.224,93.1504,94.6678,93.1933,92.6553,97.9081,98.4733,94.4034,97.2008,101.4,97.4526,74.2765,75.743,77.7946,81.3449,82.807,79.511,87.6926,86.5563,83.4086
10.198,13,35.8469,7.81025,18.4391,12.8062,12.0416,24.3311,25.6125,23.3452,17.8885,24.1868,25.7099,17.8045,22,24.7588,21.095,10.6301,8.06226,25.318,27.0185,15.6205,0,13.6015,30.1496,6.32456,18.6011,25.0799,26.9072,8.06226,49.8197,36.8917,47.5079,37.1214,59.6657,46.6905,40.3113,49.7393,20.6155,36.2491,135.912,137.011,134.525,139.23,140.346,138.698,136.242,141.481,137.412,141.014,143.22,139.201,155.261,151.608,147.139,156.978,148.061,157.867,149.003,159.239,130.142,125.706,121.314,131.061,122.299,127.142,122.801,132.484,128.129,116.842,111.879,128.81,117.239,124.326,103.233,112.614,117.886,112.969,118.068,123.357,113.565,97.1442,98.2344,96.2549,95.2733,100.648,101.079,96.6023,99.2975,103.354,98.9798,74.0608,75.213,77.666,81.0247,82.201,78.2432,87.4185,85.276,81.4678
23.2594,16.4924,49.3964,15.2315,31.3847,18.2483,3.16228,37,38.8973,29.1204,30.6105,29.0172,33.3766,31.1127,13.6015,25.9615,30.3645,16.4924,20,22.6716,14.3178,23.0868,13.6015,0,26.0768,16.6433,23.0868,12.1655,13.4536,21.6333,41.0488,23.3238,34,25.7099,46.6154,33.2415,27.2029,36.2353,7.07107,36.0694,123.309,124.342,121.795,126.57,127.624,125.936,123.422,128.701,124.535,128.141,130.357,126.246,143.544,139.714,135.148,145.097,135.989,145.908,136.854,147.167,118.186,113.635,109.124,119.013,110.018,114.935,110.476,120.304,115.836,108.042,103.044,117,108.167,112.401,90.2109,103.31,108.462,103.484,108.559,113.745,103.817,86.1278,86.977,84.7585,83.5703,88.955,89.3197,84.6936,87.3212,91.2853,86.764,61.4003,62.434,65,68.2642,69.3397,65.215,74.6257,72.2011,68.2495
32.7567,18.1108,55.5698,36.8782,37.1618,41.4849,23.7065,39.9625,51.6624,19.799,46.2709,53.1601,55.7315,44.7214,39.0512,51.4782,51.2445,39.2938,38.0526,5.09902,21.9317,21.9317,30.1496,26.0768,0,36.3456,17,32.8024,25.9422,34.2345,22.4722,35.4401,44.4072,20.2237,44.0114,37.054,42.3792,46.2709,25.4951,12.3693,113.952,115.313,113.146,117.456,118.828,117.388,115.261,120.216,116.692,120.216,122.332,118.87,130.173,127.028,122.886,132.306,124.036,133.405,125.208,135.093,106.019,102.005,98.0816,107.201,99.3579,103.856,100.005,109.018,105.119,87.6641,82.7647,104.293,88.295,100.21,84.2021,83.9345,89.2861,84.4808,89.56,94.921,85.3815,71.3442,72.9452,71.6101,71.218,76.4003,77.0065,73.1095,75.9276,80.1561,76.4199,54.6443,56.3028,58.0086,61.6117,63.2456,60.5392,67.8012,67.4166,64.8845
12.6491,19.3132,35.1141,3,20.0998,7.2111,16.1555,26.0768,22.8035,29.0689,14.1421,18.0278,19.4165,15.2643,20.8806,19.4165,15,5.38516,3.60555,31.5753,30.8869,21.2603,6.32456,16.6433,36.3456,0,24.6982,26.4008,30,9.21954,55.4437,38.9487,49.2037,41.7852,63.2456,49.679,41.3401,51.4004,23.6008,42.5441,139.943,140.982,138.438,143.21,144.267,142.58,140.064,145.344,141.174,144.779,146.997,142.874,159.931,156.17,151.638,161.549,152.506,162.388,153.395,163.686,134.659,130.146,125.67,135.518,126.59,131.488,127.059,136.85,132.412,122.589,117.614,133.417,122.919,128.86,106.832,118.229,123.471,118.533,123.628,128.891,119.05,102.142,103.121,101.02,99.925,105.309,105.702,101.134,103.788,107.787,103.31,78.032,79.0759,81.6333,84.9058,85.9826,81.8413,91.2688,88.8144,84.8116
17.0294,6.7082,38.5876,26.4008,20.2485,31.4006,19.9249,23.0217,35.3553,6.08276,31.1448,42.72,43.4626,29,36.2491,43.1856,38.2753,29.2062,25.0799,12.2066,28.6356,5.09902,18.6011,23.0868,17,24.6982,0,34.3657,31.1448,19.4165,39.4462,42.2966,52.7731,33.2866,57.9828,48.1041,48.0104,54.9181,27.074,18.4391,130.484,131.795,129.557,133.959,135.281,133.795,131.59,136.62,132.966,136.517,138.658,135.059,147.146,143.962,139.786,149.251,140.911,150.333,142.056,151.99,122.886,118.811,114.809,124.036,116.039,120.603,116.662,125.801,121.824,104.048,99.2018,121.202,104.809,117.068,99.905,100.578,105.948,101.193,106.254,111.629,102.181,88.3233,89.8888,88.4816,88.0057,93.2309,93.8136,89.8109,92.6175,96.8297,92.957,70.1783,71.7008,73.6614,77.2334,78.7464,75.6042,83.5464,82.6196,79.6304
35.1141,28.0713,60.8276,24.0832,43.3244,25,15.0333,49.0408,49.2037,40.4475,40.4599,32.8938,38.9102,41.6173,10.0499,27.4591,37.4433,24.0832,30,30.8869,12.53,35,25.0799,12.1655,32.8024,26.4008,34.3657,0,8.544,33.1059,41.4367,12.8062,22.8035,23.7697,39,24.5967,15.2315,25,7.61577,44.4185,115.832,116.726,114.061,118.962,119.883,118.119,115.486,120.83,116.469,120.067,122.299,117.992,137.568,133.462,128.752,138.842,129.449,139.517,130.173,140.577,111.946,107.224,102.528,112.606,103.247,108.268,103.619,113.653,109.005,106.381,101.4,111.018,106.17,106.254,81.9878,101.079,106.019,101.02,106.005,111.005,101.005,81.7435,82.201,79.6241,78.1025,83.4326,83.678,78.848,81.3204,85.0706,80.3243,54.4243,55.1543,57.9396,60.9262,61.7414,57.2451,67.1193,64.0078,59.6825
36.0555,25.7099,62.426,28.3019,43.909,30.4631,15,49.1935,52.345,37.054,44.0454,39.8121,45.2217,44.5533,18.1108,35.0571,42.9535,29.0689,33.4215,25,4.24264,32.9848,26.9072,13.4536,25.9422,30,31.1448,8.544,0,34.8281,32.8938,11.1803,21.8403,15.2971,33.2866,19.799,17.1172,24.0416,6.40312,38.0789,110.145,111.14,108.559,113.371,114.39,112.681,110.136,115.434,111.221,114.826,117.047,112.894,130.973,127.016,122.385,132.401,123.167,133.154,123.976,134.332,105.475,100.846,96.2549,106.231,97.0824,102.044,97.509,107.424,102.883,98.1835,93.1933,104.403,98.0459,99.7246,76.844,93.0054,98.0051,93.0054,98.0204,103.078,93.086,74.3303,74.9533,72.5328,71.1688,76.5376,76.844,72.111,74.6726,78.5493,73.9256,48.3011,49.2443,51.8845,55.0727,56.0803,51.8652,61.4003,58.8218,54.8179
3.60555,16.1245,27.7849,12.1655,11,16.1555,19.8494,17,18.3576,22.3607,12.0416,25.4951,24.6982,10.7703,29.2746,28.178,19.2354,14.5602,7.2111,29.1548,34.6554,14.8661,8.06226,21.6333,34.2345,9.21954,19.4165,33.1059,34.8281,0,55.3624,44.9444,55.5698,44.1022,67.2681,54.5619,48.3322,57.8014,28.6007,37.855,143.126,144.267,141.824,146.479,147.635,146.014,143.6,148.809,144.807,148.405,150.602,146.649,161.892,158.354,153.951,163.71,154.923,164.648,155.913,166.09,136.953,132.593,128.281,137.928,129.321,134.112,129.85,139.431,135.152,121.824,116.902,135.532,122.376,131.126,110.752,117.903,123.223,118.36,123.454,128.787,119.105,103.47,104.695,102.859,102,107.355,107.824,103.446,106.174,110.277,106,81.4002,82.6196,85,88.4081,89.6437,85.7963,94.8103,92.8493,89.1403
54.4243,39.5601,78.032,55.1453,59.4811,59.0085,40.0125,62.434,73.3894,42.0119,67.1863,70.0643,74.0608,66.0984,50.6952,66.6108,70.3491,57.0351,57.8705,27.2947,29.1204,44.2945,49.8197,41.0488,22.4722,55.4437,39.4462,41.4367,32.8938,55.3624,0,36.4005,40.6079,17.8885,29.1548,30.2324,43.2782,41.6173,36.6742,28.8444,91.9239,93.3488,91.2853,95.462,96.8969,95.5249,93.5094,98.3514,95.0158,98.4937,100.568,97.3088,107.703,104.561,100.439,109.836,101.607,110.941,102.801,112.645,83.6002,79.6492,75.8222,84.8116,77.1557,81.5659,77.8332,86.6833,82.8794,67.1863,62.2013,81.8413,67.4759,77.801,63.6318,62.8013,68.0661,63.1506,68.2495,73.5459,63.7887,48.8774,50.4777,49.2037,48.9183,54.037,54.6717,50.9313,53.7587,58,54.4885,35.1141,37,38.0789,41.6293,43.4626,41.7612,47.4131,48.1041,46.5725
46.5296,36.8782,72.7186,36.7696,54.5619,37.8021,25.4951,60.0083,61.7171,48.1664,53.0754,45.1885,51.4782,54.037,21.9317,39.2173,50.2195,36.8782,42.5206,35.3553,14.0357,44.1475,36.8917,23.3238,35.4401,38.9487,42.2966,12.8062,11.1803,44.9444,36.4005,0,10.7703,19.105,26.9258,12.3693,7.2111,13,16.5529,47.8017,103.368,104.216,101.518,106.452,107.331,105.546,102.883,108.24,103.832,107.424,109.659,105.309,125.686,121.458,116.692,126.827,117.324,127.44,117.987,128.413,100,95.2103,90.4434,100.578,91.0824,96.1353,91.4166,101.514,96.7988,97.4936,92.5743,99.2018,97.0155,94.3716,69.3542,91.7878,96.5194,91.5478,96.421,101.242,91.2688,71.0634,71.2531,68.469,66.7533,72.0069,72.1803,67.2681,69.6348,73.2462,68.4105,42.45,43.0116,45.8803,48.7032,49.3964,44.7772,54.7814,51.4296,47.0106
57.2451,47.5395,83.3547,46.8615,65.307,47.3814,36.2491,70.7743,72.0069,58.5491,63.2535,53.535,60.2163,64.405,30.6105,47.0106,59.5483,46.6905,52.8015,45.0111,24.1868,54.8179,47.5079,34,44.4072,49.2037,52.7731,22.8035,21.8403,55.5698,40.6079,10.7703,0,25.632,22.2036,10.6301,8.94427,2.23607,27.313,56.7186,95.8593,96.566,93.7763,98.7927,99.5389,97.6934,94.9368,100.319,95.7549,99.3177,101.553,97.0464,119.436,114.978,110.114,120.304,110.603,120.785,111.126,121.565,93.7443,88.8426,83.9524,94.1488,84.4038,89.4986,84.6463,94.8314,89.9889,95.8801,91.0934,93.2148,95.0789,88.2836,61.4654,89.7385,94.1488,89.2693,93.9415,98.4784,88.6454,67.3647,67.1193,64.0312,62,67.0298,67.0671,62.0725,64.195,67.4759,62.514,37.0135,37.1214,40.1123,42.4264,42.7551,37.855,48.0521,43.9659,39.2173
44.2041,30.4138,70.0357,40.8044,50.9313,43.9318,25.632,55.2268,62.434,38.0132,55.0091,54.231,59.0339,54.7083,33.3766,50.01,56.0446,42.2019,44.7772,22.4722,12,37.0135,37.1214,25.7099,20.2237,41.7852,33.2866,23.7697,15.2971,44.1022,17.8885,19.105,25.632,0,24.6982,17.0294,26.2488,27.2029,20.025,32,99.0454,100.21,97.8008,102.416,103.6,102.005,99.6393,104.809,100.896,104.484,106.668,102.825,118.186,114.495,110.018,119.867,110.941,120.748,111.893,122.119,93.0215,88.5889,84.22,93.9415,85.235,90.05,85.7555,95.3834,91.0659,83.0542,78.0577,91.7061,83,87.2067,67.1789,78.0256,83.0963,78.1025,83.1505,88.278,78.3135,60.4401,61.3514,59.2368,58.1808,63.561,63.9766,59.4811,62.1772,66.242,61.9112,37.5366,38.8973,41.1096,44.5982,45.9674,42.5206,50.9902,49.5782,46.4004
67.8823,54.8179,94.1116,61.5873,75.0733,63.5295,47.634,79.6492,85.276,62.6498,77.201,71.8679,77.8781,77.4661,48.7032,66.0984,76.0592,62.2656,66.6108,46.9574,32.6497,61.6117,59.6657,46.6154,44.0114,63.2456,57.9828,39,33.2866,67.2681,29.1548,26.9258,22.2036,24.6982,0,14.5602,30.0167,21.587,39.6611,54.5711,76.9415,77.8974,75.2928,80.1311,81.1234,79.404,76.8505,82.1523,77.9359,81.5414,83.7616,79.6304,98.7623,94.5569,89.8109,99.93,90.4765,100.568,91.1811,101.592,73.0821,68.3081,63.5689,73.6817,64.2573,69.2892,64.622,74.6726,70.0071,74,69.2892,72.2772,73.0821,67.4463,43.6005,67.72,72.0347,67.1863,71.8053,76.2955,66.4906,45.1774,45.0111,42.0119,40.1123,45.2769,45.3982,40.4475,42.7551,46.3249,41.4849,15.5242,16.1555,18.9737,21.9317,22.8254,18.6011,28.178,25.6125,21.9317
55.6058,43.8292,82.0061,47.8017,63.2456,49.3964,34.7131,68.2642,72.1388,53.4509,63.7809,57.3847,63.5059,64.3506,34.176,51.5461,61.9112,48.2597,53.1507,38.6394,20.2485,50.9902,46.6905,33.2415,37.054,49.679,48.1041,24.5967,19.799,54.5619,30.2324,12.3693,10.6301,17.0294,14.5602,0,16.2788,11.4018,26.1725,49.0102,91.236,92.1303,89.4707,94.3663,95.2943,93.5361,90.9175,96.2549,91.9239,95.5249,97.7548,93.4933,113.323,109.11,104.355,114.481,105.005,115.109,105.688,116.108,87.6413,82.8613,78.1089,88.2326,78.7718,83.8153,79.1202,89.1964,84.5044,86.3481,81.4923,86.8332,85.703,82.0061,57.4543,80.4114,85,80.0625,84.8528,89.56,79.6304,59,59.0762,56.2228,54.4518,59.6825,59.8415,54.9181,57.2713,60.8769,56.0446,30.0832,30.6757,33.5261,36.4005,37.1618,32.6497,42.5441,39.4462,35.2278
50.3289,42.19,76.0263,38.833,58.5235,38.9487,29.8329,64.195,64.0703,54,55.2178,44.6542,51.4004,56.6039,21.9317,38.0789,50.9313,38.4187,44.9444,41.9762,20.6155,49.366,40.3113,27.2029,42.3792,41.3401,48.0104,15.2315,17.1172,48.3322,43.2782,7.2111,8.94427,26.2488,30.0167,16.2788,0,10.8167,21.2132,54.7083,104.752,105.475,102.694,107.703,108.462,106.621,103.87,109.252,104.695,108.259,110.494,105.991,128.098,123.693,118.849,129.031,119.369,129.541,119.921,130.361,102.391,97.5141,92.6499,102.84,93.145,98.2344,93.4077,103.581,98.7623,102.611,97.7446,101.789,101.98,96.8814,70.3847,96.6902,101.272,96.3379,101.119,105.802,95.8853,75.06,75,72.0278,70.1142,75.2396,75.326,70.3491,72.5603,75.9539,71.0211,45.2769,45.5412,48.5077,50.9902,51.4198,46.5725,56.7539,52.811,48.1041
59.4811,49.7293,85.5862,49.0408,67.5426,49.4975,38.4838,73.0068,74.2024,60.6712,65.437,55.4707,62.2013,66.6108,32.6497,48.8774,61.6198,48.8365,55,47,26.3059,57.0088,49.7393,36.2353,46.2709,51.4004,54.9181,25,24.0416,57.8014,41.6173,13,2.23607,27.2029,21.587,11.4018,10.8167,0,29.5466,58.5491,94.2444,94.921,92.1141,97.1442,97.8621,96.0052,93.2309,98.6154,94.0213,97.5756,99.8098,95.2733,118.068,113.565,108.683,118.878,109.142,119.331,109.636,120.071,92.3959,87.4757,82.5651,92.7631,82.9759,88.0738,83.1986,93.3916,88.5268,95.5092,90.7579,91.9239,94.6414,86.977,59.808,89.2861,93.6216,88.7694,93.3916,97.8621,88.0738,66.6108,66.2722,63.1269,61.0328,66,66.0076,61.0082,63.0714,66.2722,61.2944,36.0139,36.0139,39.0128,41.1947,41.4367,36.4966,46.6905,42.45,37.6431
30.0167,21.0238,56.3028,21.9545,38.0132,24.3516,8.94427,43.4626,45.9674,33.1361,37.6431,34.2345,39.2938,38.1838,14.3178,30.0666,36.7696,22.8473,27.0185,23.3238,8.06226,28.1603,20.6155,7.07107,25.4951,23.6008,27.074,7.61577,6.40312,28.6007,36.6742,16.5529,27.313,20.025,39.6611,26.1725,21.2132,29.5466,0,36.8917,116.469,117.478,114.909,119.708,120.739,119.038,116.503,121.795,117.597,121.202,123.422,119.281,137.058,133.154,128.55,138.539,129.356,139.316,130.188,140.528,111.615,107.019,102.46,112.401,103.315,108.259,103.755,113.635,109.124,103.019,98.0204,110.494,103.005,105.849,83.2346,98.0459,103.121,98.1275,103.175,108.296,98.326,80.05,80.7775,78.4474,77.1622,82.5409,82.8734,78.1857,80.7775,84.6936,80.1124,54.5894,55.5698,58.1808,61.4003,62.434,58.2495,67.7422,65.215,61.2209
35.3553,23.2594,53.4509,43.8292,37.1214,48.7647,33.2415,38.0789,53.0094,17.1172,49.4975,60.3738,61.6847,47.1699,49.5782,59.9083,56.6127,46.5296,43.3244,13.6015,34.176,23.1948,36.2491,36.0694,12.3693,42.5441,18.4391,44.4185,38.0789,37.855,28.8444,47.8017,56.7186,32,54.5711,49.0102,54.7083,58.5491,36.8917,0,120.341,121.828,119.854,123.907,125.399,124.085,122.147,126.905,123.693,127.142,129.19,126.036,134.402,131.655,127.781,136.821,129.074,138.058,130.384,139.946,111.198,107.517,103.947,112.539,105.38,109.604,106.104,114.586,111.018,87.9204,83.2166,109.225,88.955,105.475,92.4392,85.0882,90.471,85.9069,90.8735,96.2549,87.2067,75.9276,77.8974,77.0779,77.1038,82.0244,82.7345,79.3095,82.134,86.3713,83.0963,63.5059,65.307,66.6483,70.2353,72.0069,69.857,76.1577,76.4853,74.4648
143.22,129.016,168.668,138.423,149.626,140.471,124.02,153.388,161.419,133.735,153.701,148.556,154.742,153.652,125.3,142.468,153,139.187,143.21,118.343,109.078,134.952,135.912,123.309,113.952,139.943,130.484,115.832,110.145,143.126,91.9239,103.368,95.8593,99.0454,76.9415,91.236,104.752,94.2444,116.469,120.341,0,2,3.60555,3.60555,5.38516,5,5.83095,7.28011,7.61577,9,10.198,10.4403,28.4605,23.0868,18.3848,27.4591,17.72,27.1662,17.2627,27,15.1327,15.2971,17,13.1529,15.2643,12.3693,14.4222,10.198,10.4403,60.0333,60.075,18.1108,57.0351,18.2483,34.4819,55.0818,53.0377,53.0848,52.0384,50.4876,50.0899,46.1411,43.566,43.6005,43.2782,38.6005,37.8021,41.0366,38.2099,33.9706,37.5366,61.9112,60.9016,58.3095,55.0727,54.1202,58.6003,48.7647,52,56.648
144.402,130.25,169.921,139.431,150.864,141.421,125.096,154.674,162.542,135.104,154.777,149.402,155.631,154.768,126.143,143.265,153.951,140.161,144.267,119.67,110.136,136.235,137.011,124.342,115.313,140.982,131.795,116.726,111.14,144.267,93.3488,104.216,96.566,100.21,77.8974,92.1303,105.475,94.921,117.478,121.828,2,0,3,2.23607,3.60555,3,4.24264,5.38516,5.83095,7,8.24621,8.544,29.1548,23.7697,19.2354,27.8927,18.3848,27.4591,17.72,27.074,17.1172,17.2627,18.7883,15.1327,17,14.3178,16.1245,12.1655,12.3693,62.0322,62.0725,20.0998,59.0339,20.2237,35.1141,57.0789,55.0364,55.0818,54.037,52.469,52.0865,47.8853,45.2769,45.2217,44.8219,40.2244,39.4081,42.5206,39.6989,35.4683,38.8973,62.9682,61.9112,59.3633,56.0803,55.0727,59.4811,49.7393,52.8015,57.3847
142.004,127.914,167.601,136.858,148.529,138.798,122.589,152.398,160.078,132.944,152.266,146.697,152.958,152.296,123.438,140.528,151.327,137.557,141.739,117.456,107.615,133.959,134.525,121.795,113.146,138.438,129.557,114.061,108.559,141.824,91.2853,101.518,93.7763,97.8008,75.2928,89.4707,102.694,92.1141,114.909,119.854,3.60555,3,0,5.09902,5.83095,4.24264,3,7.07107,5,7.61577,9.43398,8,31.9531,26.5707,21.9317,30.8058,21.1896,30.4138,20.6155,30.0666,17.72,17,17.72,15.8114,15.8114,14,14.8661,13,12,62.2013,62,20.6155,59.2115,20,32.311,57,55.2268,55,54.231,52.9528,52,46.5188,43.8292,43.566,43.0116,38.5876,37.7359,40.6079,37.8021,33.6006,36.7967,60.4649,59.3633,56.8595,53.535,52.4786,56.8243,47.1699,50.0899,54.626
146.605,132.439,172.105,141.662,153.052,143.656,127.318,156.847,164.757,137.244,157,151.638,157.867,156.984,128.378,145.499,156.186,142.394,146.492,121.828,112.361,138.409,139.23,126.57,117.456,143.21,133.959,118.962,113.371,146.479,95.462,106.452,98.7927,102.416,80.1311,94.3663,107.703,97.1442,119.708,123.907,3.60555,2.23607,5.09902,0,2,2.82843,5.38516,4,6.40312,6.32456,7,8.60233,27.7308,22.3607,18.0278,26.2488,17,25.7099,16.1555,25.1794,18,18.6815,20.5913,16,18.868,15.8114,18.0278,13,13.9284,63,63.1981,21,60,21.587,37.3363,58.2151,56,56.2228,55,53.2353,53.2353,49.7393,47.1699,47.2017,46.8615,42.2019,41.4005,44.5982,41.7732,37.5366,41.0366,65.192,64.1405,61.5873,58.3095,57.3062,61.7171,51.9711,55.0364,59.6154
147.801,133.686,173.367,142.688,154.302,144.627,128.413,158.142,165.895,138.622,158.092,152.506,158.777,158.114,129.248,146.322,157.156,143.388,147.567,123.167,113.442,139.703,140.346,127.624,118.828,144.267,135.281,119.883,114.39,147.635,96.8969,107.331,99.5389,103.6,81.1234,95.2943,108.462,97.8621,120.739,125.399,5.38516,3.60555,5.83095,2,0,2,5,2,5.38516,4.47214,5,7.07107,28.6531,23.3238,19.2094,26.9258,18.0278,26.2488,17,25.4951,20,20.6155,22.3607,18,20.5913,17.72,19.7231,15,15.8114,65,65.192,23,62,23.5372,38.0789,60.208,58,58.2151,57,55.2268,55.2268,51.4782,48.8774,48.8262,48.4149,43.8292,43.0116,46.0977,43.2782,39.0512,42.4264,66.2873,65.192,62.6817,59.3633,58.3095,62.6498,53,55.9017,60.4152
146.209,132.136,171.825,140.982,152.751,142.888,126.752,156.63,164.259,137.186,156.426,150.712,157.003,156.474,127.456,144.506,155.416,141.662,145.89,121.696,111.772,138.192,138.698,125.936,117.388,142.58,133.795,118.119,112.681,146.014,95.5249,105.546,97.6934,102.005,79.404,93.5361,106.621,96.0052,119.038,124.085,5,3,4.24264,2.82843,2,0,3,2.82843,3.60555,4,5.38516,5.83095,30.4138,25.0599,20.8087,28.7924,19.7231,28.1603,18.7883,27.4591,20.0998,20.2237,21.5407,18.1108,19.6977,17.2627,18.7883,15.1327,15.2971,65.0308,65.0692,23.0868,62.0322,23.1948,36.2491,60.075,58.0345,58.0775,57.0351,55.4437,55.0818,50.5371,47.8853,47.7074,47.2017,42.72,41.8808,44.8219,42.0119,37.8021,41.0366,64.6375,63.5138,61.0328,57.6888,56.6039,60.9016,51.3128,54.1202,58.6003
143.84,129.835,169.532,138.438,150.446,140.293,124.278,154.383,161.821,135.059,153.942,148.03,154.353,154.029,124.78,141.792,152.817,139.086,143.391,119.52,109.289,135.949,136.242,123.422,115.261,140.064,131.59,115.486,110.136,143.6,93.5094,102.883,94.9368,99.6393,76.8505,90.9175,103.87,93.2309,116.503,122.147,5.83095,4.24264,3,5.38516,5,3,0,5.38516,2,5,7.07107,5,33.1059,27.7308,23.3238,31.6228,22.3607,31.0483,21.5407,30.4138,20.6155,20,20.6155,18.6815,18.6815,17,17.72,15.8114,15,65.192,65,23.5372,62.2013,23,33.541,60,58.2151,58,57.2189,55.9017,55,49.2443,46.5188,46.1411,45.4863,41.1825,40.3113,43.0116,40.2244,36.0555,39.0512,62.2013,61.0328,58.6003,55.2178,54.0833,58.3095,48.8262,51.4782,55.9017
149.013,134.952,174.642,143.736,155.567,145.619,129.53,159.452,167.048,140.014,159.201,153.395,159.706,159.261,130.142,147.167,158.146,144.402,148.661,124.523,114.547,141.014,141.481,128.701,120.216,145.344,136.62,120.83,115.434,148.809,98.3514,108.24,100.319,104.809,82.1523,96.2549,109.252,98.6154,121.795,126.905,7.28011,5.38516,7.07107,4,2,2.82843,5.38516,0,5,2.82843,3,5.83095,29.6816,24.4131,20.5183,27.7308,19.2094,26.9258,18.0278,25.9615,22,22.561,24.1661,20,22.3607,19.6469,21.4709,17,17.72,67,67.1863,25,64,25.4951,38.9102,62.2013,60,60.208,59,57.2189,57.2189,53.2353,50.6063,50.4777,50,45.4863,44.6542,47.634,44.8219,40.6079,43.8634,67.424,66.2873,63.8201,60.4649,59.3633,63.6318,54.0833,56.8243,61.2699
145.086,131.137,170.836,139.517,151.743,141.315,125.431,155.724,163.003,136.488,155.081,148.946,155.309,155.206,125.706,142.664,153.834,140.132,144.516,120.917,110.436,137.295,137.412,124.535,116.692,141.174,132.966,116.469,111.221,144.807,95.0158,103.832,95.7549,100.896,77.9359,91.9239,104.695,94.0213,117.597,123.693,7.61577,5.83095,5,6.40312,5.38516,3.60555,2,5,0,3.60555,5.83095,3,34,28.6531,24.4131,32.311,23.3238,31.6228,22.3607,30.8058,22.561,22,22.561,20.6155,20.6155,19,19.6469,17.72,17,67.1863,67,25.4951,64.195,25,34.4819,62,60.208,60,59.2115,57.8705,57,51.0784,48.3322,47.8853,47.1699,42.9418,42.0595,44.6542,41.8808,37.7359,40.6079,63.4114,62.2013,59.8164,56.4004,55.2178,59.3633,50,52.4786,56.8243
148.678,134.715,174.413,143.122,155.322,144.917,129.035,159.289,166.604,140.014,158.685,152.532,158.902,158.808,129.294,146.24,157.436,143.736,148.122,124.459,114.039,140.858,141.014,128.141,120.216,144.779,136.517,120.067,114.826,148.405,98.4937,107.424,99.3177,104.484,81.5414,95.5249,108.259,97.5756,121.202,127.142,9,7,7.61577,6.32456,4.47214,4,5,2.82843,3.60555,0,2.23607,3.16228,32.45,27.2029,23.3452,30.4138,22.0227,29.5466,20.8087,28.4605,24.0832,24.1868,25.2982,22.0907,23.4094,21.2132,22.4722,19.105,19.2354,69.029,69.0652,27.074,66.0303,27.1662,38.0789,64.0703,62.0322,62.0725,61.0328,59.4138,59.0762,54.1295,51.4296,51.1077,50.4777,46.1411,45.2769,48.0104,45.2217,41.0488,44.0454,67.0075,65.8027,63.4114,60,58.8218,62.9682,53.6004,56.0803,60.4152
150.864,136.883,176.581,145.344,157.493,147.146,131.244,161.443,168.808,142.13,160.897,154.768,161.137,161.012,131.529,148.476,159.665,145.962,150.336,126.59,116.25,143.01,143.22,130.357,122.332,146.997,138.658,122.299,117.047,150.602,100.568,109.659,101.553,106.668,83.7616,97.7548,110.494,99.8098,123.422,129.19,10.198,8.24621,9.43398,7,5,5.38516,7.07107,3,5.83095,2.23607,0,5,31.4006,26.2488,22.6716,29.1548,21.2132,28.178,19.8494,26.9258,25,25.4951,26.9258,23,25.0799,22.561,24.1661,20,20.6155,70,70.1783,28,67,28.4429,40.3113,65.192,63,63.1981,62,60.208,60.208,55.9017,53.2353,53,52.4309,48.0208,47.1699,50,47.2017,43.0116,46.0977,69.2026,68.0074,65.6049,62.2013,61.0328,65.192,55.8032,58.3095,62.6498
146.986,133.124,172.818,141.174,153.717,142.888,127.201,157.762,164.806,138.658,156.822,150.36,156.78,157.003,127.142,144.014,155.396,141.739,146.24,123.045,112.201,139.345,139.201,126.246,118.87,142.874,135.059,117.992,112.894,146.649,97.3088,105.309,97.0464,102.825,79.6304,93.4933,105.991,95.2733,119.281,126.036,10.4403,8.544,8,8.60233,7.07107,5.83095,5,5.83095,3,3.16228,5,0,35.5106,30.2324,26.2488,33.541,25,32.6956,23.8537,31.6228,25.4951,25,25.4951,23.5372,23.5372,22,22.561,20.6155,20,70.1783,70,28.4429,67.1863,28,36.0555,65,63.1981,63,62.2013,60.8276,60,53.8516,51.0784,50.5371,49.7393,45.618,44.7214,47.1699,44.4185,40.3113,43.0116,65.2993,64.0312,61.7171,58.258,57.0088,61.0328,51.8556,54.0833,58.3095
