0,2,3.60555,3,4.24264,5.09902,5.38516,7,7.28011,10.198,10.0499,26.2488,24.0416,28.6007,27.7308,30.2324,27.8927,30.8058,32.311,23.4307,21.9317,23.3452,21.4009,26.9072,25.6125,23.8537,27.2029,25.5539,30.8058,28.178,48.1041,44.8219,46.4004,43.566,51.8556,46.1411,51.3128,53,50.5371,39.2938,37.3631,37.9473,35.1141,40.1622,40.8534,39,36.2491,41.6293,37.1214,40.7063,88.5494,73.9256,79.404,94.255,84.309,65.7419,92.3093,70.7107,80.1311,76.3217,87.8635,105.622,92.2822,99.96,111.772,88.6002,92.0217,101.872,80.1561,130.269,151.489,106.066,130.599,104.623,116.675,142.864,119.817,135.989,110.386,123.434,131.575,128.156,131.103,118.191,128.763,116.25,134.462,141.227,118.962,97.4526,126.59,137.931,145,133.304,120.208,111.866,127.781,132.91,134.629,136.209
2,0,5,3.60555,5.83095,5.09902,6.40312,7.28011,7,10.7703,10.0499,25,23.5372,27.4591,26.9258,29.1548,27.4591,30.4138,31.6228,25,23.4307,24.7588,22.6716,28.2843,26.9072,25,28.4253,26.6271,32.0156,29.1548,49.4975,46.0977,47.634,44.6542,53.1507,47.1699,52.4309,54.0833,51.4782,41.2311,39.2938,39.8497,37,42.0595,42.72,40.8534,38.0789,43.4626,38.9102,42.4853,87.6641,72.9452,78.848,93.6803,83.5703,64.8845,91.5478,70.4557,79.177,76.1643,86.5563,104.995,91.3017,99.2975,110.675,87.9204,90.6863,100.846,79.0759,129.838,150.841,105.119,129.692,103.586,115.261,142.077,119.331,135.148,109.731,122.54,130.92,127.389,130.384,116.846,127.405,115.109,133.462,139.946,118.068,96.2133,125.16,136.561,143.558,131.795,118.802,110.535,126.254,131.655,133.06,134.629
3.60555,5,0,2,1,3.60555,2,4.47214,5.65685,7,7.61577,25.4951,21.9317,27.5862,26.0768,29.0689,25.632,28.4605,30.4138,20,18.4391,19.799,17.8045,23.3452,22.0227,20.2485,23.6008,21.9545,27.2029,24.5967,44.5533,41.2311,42.8019,39.9625,48.2701,42.5441,47.7074,49.3964,46.9574,36.6742,34.7131,35.171,32.28,37.3631,37.9473,36.0555,33.2415,38.6264,34.0147,37.5766,92.1303,77.5242,82.8613,97.719,87.8465,69.3181,95.8541,73.9797,83.7257,79.511,91.4385,109.11,95.8801,103.465,115.378,92.1141,95.5877,105.475,83.7616,133.645,154.984,109.659,134.183,108.227,120.208,146.414,123.227,139.556,113.886,127.016,135.074,131.7,134.629,121.754,132.322,119.854,138.062,144.81,122.544,101.045,130.115,141.485,148.519,136.781,123.746,115.434,131.244,136.499,138.058,139.628
3,3.60555,2,0,3,2.23607,2.82843,4,4.47214,7.28011,7.07107,24.0416,21.1896,26.2488,25.0599,27.8029,25,27.8927,29.5466,21.6333,20,21.2603,19.105,24.7588,23.3452,21.4009,24.8395,23.0217,28.4253,25.5539,45.9674,42.5206,44.0454,41.0488,49.5782,43.566,48.8262,50.4777,47.8853,38.6394,36.6742,37.108,34.2053,39.2938,39.8497,37.9473,35.1141,40.4969,35.8469,39.3954,91.236,76.5376,82.28,97.1236,87.0919,68.4471,95.0789,73.6817,82.7647,79.3095,90.1388,108.467,94.8947,102.786,114.28,91.4166,94.2603,104.446,82.6801,133.195,154.324,108.706,133.27,107.187,118.802,145.619,122.723,138.708,113.217,126.115,134.406,130.924,133.899,120.416,130.969,118.714,137.058,143.534,121.643,99.8098,128.693,140.121,147.085,135.281,122.348,114.11,129.727,135.248,136.499,138.058
4.24264,5.83095,1,3,0,4.47214,2.23607,5,6.40312,7.07107,8.06226,26.2488,22.3607,28.2843,26.6271,29.7321,26,28.7924,30.8869,19.2094,17.6918,19.105,17.2047,22.6716,21.4009,19.7231,23.0217,21.4709,26.6271,24.1661,43.8634,40.6079,42.2019,39.4462,47.634,42.0595,47.1699,48.8774,46.5188,35.6931,33.7343,34.2053,31.3209,36.4005,37,35.1141,32.311,37.6962,33.1059,36.6742,92.5905,78.032,83.1685,98.0306,88.2383,69.7711,96.2549,74.1485,84.22,79.6304,92.0978,109.444,96.3846,103.817,115.935,92.477,96.2601,106,84.3149,133.881,155.322,110.145,134.648,108.757,120.917,146.82,123.491,139.989,114.232,127.475,135.418,132.098,135.004,122.43,133.004,120.433,138.571,145.454,123.004,101.671,130.832,142.172,149.241,137.535,124.451,116.103,132.008,137.131,138.842,140.417
5.09902,5.09902,3.60555,2.23607,4.47214,0,3,2.23607,2.23607,5.83095,5,21.9317,18.9737,24.0832,22.8254,25.6125,22.8035,25.7099,27.313,21.4709,19.7231,20.8087,18.4391,24.2074,22.6716,20.5183,24.0416,22.0227,27.5862,24.4131,45.3431,41.7253,43.1856,40,48.7955,42.4382,47.8017,49.4065,46.6476,39.3192,37.3363,37.6563,34.7131,39.8121,40.2616,38.3275,35.4401,40.8044,36.0555,39.5601,92.6121,77.8267,83.9345,98.7623,88.6002,69.857,96.566,75.5381,84.0773,81.2219,91.0494,110.064,96.1769,104.355,115.434,92.9731,95.1315,105.679,83.863,134.937,155.901,110.018,134.618,108.407,119.553,147.078,124.427,140.118,114.791,127.475,135.978,132.401,135.418,121.264,131.795,119.817,138.311,144.461,123.004,100.802,129.418,140.929,147.787,135.882,123.11,114.978,130.3,136.209,137,138.539
5.38516,6.40312,2,2.82843,2.23607,3,0,2.82843,4.47214,5,5.83095,24.2074,20.1246,26.1725,24.4131,27.5862,23.7697,26.5707,28.6531,18.868,17.2047,18.4391,16.2788,21.9317,20.5183,18.6011,22.0227,20.2485,25.6125,22.8254,43.1393,39.6989,41.2311,38.2753,46.7547,40.8167,46.0435,47.7074,45.1774,36.3456,34.3657,34.7131,31.7805,36.8782,37.3631,35.4401,32.573,37.9473,33.2415,36.7696,93.9149,79.2591,84.7703,99.6243,89.6939,71.1126,97.6934,75.9539,85.4751,81.4985,92.957,111,97.6166,105.342,117.047,93.984,97.0824,107.187,85.44,135.591,156.869,111.414,135.96,109.932,121.631,148.246,125.16,141.365,115.767,128.798,136.956,133.54,136.488,123.24,133.795,121.495,139.789,146.349,124.326,102.616,131.522,142.948,149.913,138.105,125.176,116.932,132.548,138.058,139.313,140.869
7,7.28011,4.47214,4,5,2.23607,2.82843,0,2,3.60555,3.16228,21.4009,17.4642,23.3452,21.6333,24.7588,21.1896,24.0416,25.9422,19.6977,17.8885,18.868,16.4012,22.2036,20.6155,18.3848,21.9317,19.8494,25.4558,22.2036,43.2782,39.598,41.0366,37.8021,46.669,40.2244,45.607,47.2017,44.4185,38.1182,36.1248,36.3456,33.3766,38.4708,38.833,36.8782,33.9559,39.2938,34.4819,37.9473,94.8472,80.0625,86.1278,100.96,90.824,72.0902,98.7927,77.6466,86.3134,83.2947,93.2363,112.272,98.4124,106.569,117.661,95.1893,97.3088,107.912,86.093,137.102,158.114,112.254,136.854,110.639,121.696,149.308,126.606,142.352,117.004,129.711,138.192,134.629,137.641,123.434,133.959,122.037,140.545,146.649,125.24,103.005,131.552,143.087,149.913,137.975,125.256,117.154,132.382,138.405,139.054,140.584
7.28011,7,5.65685,4.47214,6.40312,2.23607,4.47214,2,0,5,3.16228,19.8494,16.7631,21.9317,20.5913,23.4307,20.6155,23.5372,25.0799,21.5407,19.6977,20.5913,18.0278,23.8537,22.2036,19.8494,23.4307,21.2132,26.9072,23.4307,44.8219,41.0366,42.4264,39.0512,48.1041,41.4005,46.8615,48.4149,45.4863,40.1123,38.1182,38.3275,35.3553,40.4475,40.7922,38.833,35.9026,41.2311,36.4005,39.8497,94.0213,79.1581,85.6154,100.424,90.1388,71.3092,98.0816,77.4145,85.4283,83.1505,92.0054,111.683,97.4936,105.948,116.619,94.5569,96.0469,106.944,85.0882,136.693,157.493,111.36,135.989,109.659,120.341,148.556,126.147,141.549,116.387,128.86,137.568,133.899,136.956,122.147,132.654,120.95,139.589,145.417,124.391,101.833,130.177,141.767,148.519,136.517,123.907,115.884,130.908,137.201,137.535,139.054
10.198,10.7703,7,7.28011,7.07107,5.83095,5,3.60555,5,0,3,21.4709,15.8114,23.0217,20.5183,24.2074,19.2354,21.9317,24.4131,16.7631,14.8661,15.6525,13.0384,18.868,17.2047,14.8661,18.4391,16.2788,21.9317,18.6011,39.8246,36.0694,37.4833,34.2053,43.1393,36.6197,42.0119,43.6005,40.8167,36,34,34.0588,31.0644,36.1248,36.3456,34.3657,31.4006,36.6742,31.7805,35.171,98.4124,83.6481,89.56,104.403,94.3398,75.6439,102.318,80.895,89.8944,86.4696,96.8297,115.741,102,110.055,121.264,98.6813,100.896,111.508,89.6939,140.464,161.595,115.836,140.428,114.237,125.256,152.846,130,145.908,120.487,133.282,141.676,138.159,141.152,127.016,137.535,125.642,144.139,150.243,128.81,106.607,135.104,146.659,153.457,141.485,128.818,120.739,135.882,142.004,142.524,144.045
10.0499,10.0499,7.61577,7.07107,8.06226,5,5.83095,3.16228,3.16228,3,0,18.868,14.3178,20.6155,18.6011,21.9317,18.0278,20.8806,22.8254,19.6469,17.72,18.3848,15.6525,21.4709,19.7231,17.2047,20.8087,18.4391,24.2074,20.5183,42.2019,38.2884,39.6232,36.1248,45.3431,38.4187,43.9318,45.4533,42.4382,39,37,37.054,34.0588,39.1152,39.3192,37.3363,34.3657,39.6232,34.7131,38.0789,97.17,82.2922,88.7694,103.581,93.3006,74.4648,101.242,80.5047,88.5664,86.209,95,114.843,100.623,109.11,119.708,97.719,99.0202,110.059,88.193,139.832,160.655,114.495,139.129,112.77,123.24,151.714,129.294,144.7,119.549,132.004,140.73,137.058,140.118,125.1,135.591,124.02,142.706,148.405,127.534,104.862,133.056,144.693,151.38,139.316,126.811,118.849,133.69,140.207,140.264,141.767
26.2488,25,25.4951,24.0416,26.2488,21.9317,24.2074,21.4009,19.8494,21.4709,18.868,0,10.4403,3,7.07107,5,12.2066,14.1421,11.1803,35.3553,33.3766,33.1361,30.1496,35,33,30,33.0606,30.0666,35.3553,30.4138,52.2015,47.4342,48.1041,43.4626,53.8516,44.7214,50.5371,51.4782,47.1699,55.9017,53.9351,53.6004,50.636,55.4437,55.2268,53.2353,50.2494,55.0818,50.0899,53.0094,101.637,86.3481,96.1873,110.549,99.1413,79.9062,106.705,90.2718,92.6499,96.5194,95.2733,121.198,104.12,115.261,121.631,103.947,98.8383,112.894,91.0934,147.489,166.307,118.004,142.636,115.434,121.491,156.208,136.62,148.762,125.603,135.724,146.509,141.891,145.344,124.169,134.302,125.399,145.248,147.851,131.32,105.603,130.92,143.122,148.809,136.033,125.096,118.207,130.25,140.064,136.125,137.441
24.0416,23.5372,21.9317,21.1896,22.3607,18.9737,20.1246,17.4642,16.7631,15.8114,14.3178,10.4403,0,10,5.38516,10.198,4,7,8.60233,26.2488,24.3516,23.7697,20.8806,25.1794,23.1948,20.2237,23.0217,20.025,25.0799,20.0998,41.7612,37,37.6962,33.1059,43.4626,34.4819,40.3113,41.3401,37.2022,46.8402,44.9222,44.3847,41.4849,46.0977,45.7056,43.7379,40.7922,45.3982,40.4475,43.1856,107.205,92.0272,100.285,114.935,104.048,84.8999,111.826,93.0484,98.3514,99,102.577,125.929,110.136,120.075,128.378,108.683,106.33,119.231,97.3088,151.605,171.479,124.064,148.762,121.852,129.619,161.914,140.89,154.651,130.495,141.739,151.585,147.411,150.685,132.019,142.302,132.378,151.796,155.618,137.295,112.77,139.201,151.238,157.267,144.693,133.222,125.936,138.946,147.665,145.041,146.414
28.6007,27.4591,27.5862,26.2488,28.2843,24.0832,26.1725,23.3452,21.9317,23.0217,20.6155,3,10,0,5.38516,2,10.7703,12.2066,8.60233,35.9026,33.9559,33.541,30.5941,35.1283,33.1361,30.1496,33.0151,30.0167,35.0571,30.0666,51.4198,46.5725,47.1275,42.3792,52.811,43.4626,49.2443,50.0899,45.6508,56.5155,54.5711,54.1295,51.1957,55.9017,55.5788,53.6004,50.636,55.3263,50.3587,53.1507,104.561,89.2693,99.1817,113.534,102.108,82.8734,109.659,93.2631,95.5667,99.5038,97.9898,124.169,107.005,118.229,124.423,106.921,101.518,115.741,93.9628,150.479,169.248,120.88,145.499,118.271,124.02,159.11,139.607,151.648,128.565,138.6,149.459,144.81,148.277,126.764,136.858,128.156,148.061,150.456,134.201,108.337,133.405,145.647,151.238,138.405,127.624,120.83,132.612,142.706,138.409,139.703
27.7308,26.9258,26.0768,25.0599,26.6271,22.8254,24.4131,21.6333,20.5913,20.5183,18.6011,7.07107,5.38516,5.38516,0,5,5.38516,7.07107,5,31.6228,29.7321,29.1204,26.2488,30.4138,28.4429,25.4951,28.1603,25.1794,30,25,46.0977,41.2311,41.7612,37,47.4342,38.0789,43.8634,44.7214,40.3113,52.2015,50.2892,49.7293,46.8402,51.4198,50.9902,49.0306,46.0977,50.636,45.7056,48.3735,107.703,92.4446,101.597,116.108,104.924,85.703,112.588,95.0211,98.7623,101.124,101.966,126.921,110.368,121.017,128.156,109.659,105.589,119.269,97.4064,152.948,172.244,124.278,148.946,121.84,128.413,162.361,142.144,154.984,131.4,141.989,152.398,147.963,151.344,131.027,141.198,132.004,151.714,154.693,137.568,112.259,137.877,150.047,155.801,143.056,132.019,125.032,137.277,146.86,143.178,144.499
30.2324,29.1548,29.0689,27.8029,29.7321,25.6125,27.5862,24.7588,23.4307,24.2074,21.9317,5,10.198,2,5,0,10.198,11.1803,7.07107,36.4005,34.4819,33.9559,31.0483,35.3553,33.3766,30.4138,33.1361,30.1496,35,30,50.9902,46.0977,46.5725,41.7612,52.2015,42.72,48.4665,49.2443,44.7214,57.0088,55.0818,54.5711,51.6624,56.2939,55.9017,53.9351,50.9902,55.5788,50.636,53.3385,106.513,91.2195,101.178,115.525,104.087,84.8528,111.629,95.2575,97.5141,101.494,99.8098,126.151,108.931,120.208,126.289,108.904,103.315,117.644,95.8801,152.473,171.21,122.801,147.411,120.167,125.718,161.047,141.598,153.574,130.541,140.52,151.427,146.758,150.233,128.503,138.571,130,149.94,152.201,136.125,110.168,135.074,147.34,152.869,140,129.321,122.589,134.201,144.475,139.946,141.227
27.8927,27.4591,25.632,25,26,22.8035,23.7697,21.1896,20.6155,19.2354,18.0278,12.2066,4,10.7703,5.38516,10.198,0,3,5.83095,27.7308,25.9422,25.0799,22.3607,25.9615,24.0416,21.1896,23.5372,20.6155,25.0799,20.0998,40.7922,35.9026,36.4005,31.6228,42.0595,32.6956,38.4838,39.3573,34.9857,48.1041,46.2385,45.5412,42.72,47.1275,46.5725,44.643,41.7612,46.0977,41.2311,43.7379,111.018,95.8175,104.235,118.87,107.935,88.7694,115.694,97.0464,102.142,103,106.066,129.838,113.886,123.976,132.004,112.588,109.772,122.931,101.02,155.563,175.354,127.812,152.506,125.539,132.88,165.723,144.838,158.433,134.391,145.499,155.467,151.242,154.538,135.37,145.609,135.956,155.467,159,141.06,116.297,142.411,154.509,160.415,147.757,136.484,129.321,141.993,151.093,147.99,149.335
30.8058,30.4138,28.4605,27.8927,28.7924,25.7099,26.5707,24.0416,23.5372,21.9317,20.8806,14.1421,7,12.2066,7.07107,11.1803,3,0,5,29.1548,27.4591,26.4197,23.8537,26.9258,25.0799,22.3607,24.3516,21.5407,25.4951,20.6155,40.3113,35.3553,35.6931,30.8058,41.2311,31.6228,37.3363,38.0789,33.541,49.2443,47.4236,46.6154,43.8634,48.1041,47.4342,45.5412,42.72,46.8402,42.0595,44.3847,113.886,98.6712,107.201,121.824,110.856,91.6788,118.6,100.045,104.995,106,108.706,132.774,116.709,126.905,134.737,115.521,112.379,125.718,103.817,158.534,178.264,130.633,155.322,128.316,135.351,168.585,147.801,161.276,137.317,148.327,158.382,154.12,157.433,137.906,148.111,138.654,158.231,161.555,143.892,118.962,144.845,156.984,162.8,150.083,138.957,131.883,144.309,153.681,150.233,151.559
32.311,31.6228,30.4138,29.5466,30.8869,27.313,28.6531,25.9422,25.0799,24.4131,22.8254,11.1803,8.60233,8.60233,5,7.07107,5.83095,5,0,33.541,31.7648,30.8707,28.178,31.6228,29.7321,26.9258,29.1204,26.2488,30.4138,25.4951,45.2769,40.3113,40.6079,35.6931,46.0977,36.4005,42.0595,42.72,38.0789,53.8516,52,51.264,48.4665,52.811,52.2015,50.2892,47.4342,51.6624,46.8402,49.2443,112.539,97.2677,106.569,121.062,109.836,90.6091,117.478,100.02,103.581,106.118,106.452,131.848,115.135,125.936,132.774,114.586,110.018,123.976,102.142,157.918,177.124,129.035,153.688,126.531,132.608,167.171,147.105,159.765,136.312,146.751,157.29,152.801,156.205,135.326,145.437,136.565,156.371,159.013,142.338,116.778,142.004,154.237,159.841,147.003,136.213,129.375,141.209,151.238,146.986,148.273
23.4307,25,20,21.6333,19.2094,21.4709,18.868,19.6977,21.5407,16.7631,19.6469,35.3553,26.2488,35.9026,31.6228,36.4005,27.7308,29.1548,33.541,0,2,2.82843,5.38516,5,5.38516,7.07107,7.28011,8.60233,10,11.1803,25,22.3607,24.1661,22.561,29.1548,25.4951,29.7321,31.6228,30.4138,20.6155,18.6815,18.2483,15.2971,20.0998,20,18,15,20.0998,15.1327,18.4391,110.454,96.2601,99.8098,114.634,105.589,87.6641,113.649,89.493,102.343,94.3716,111.072,126.21,114.547,120.768,134.402,109.567,115.278,124.278,102.801,149.576,172.012,128.16,152.463,127.063,140.036,164.137,139.517,157.544,131.095,145.262,152.201,149.375,152.069,141.45,152.043,139.014,156.707,164.347,140.801,120.507,149.967,161.227,168.386,156.732,143.558,135.104,151.212,155.974,158.051,159.625
21.9317,23.4307,18.4391,20,17.6918,19.7231,17.2047,17.8885,19.6977,14.8661,17.72,33.3766,24.3516,33.9559,29.7321,34.4819,25.9422,27.4591,31.7648,2,0,2,3.60555,5.38516,5,5.83095,7,7.61577,10.198,10.4403,26.2488,23.3238,25.0599,23.0868,30.2324,25.9615,30.4631,32.311,30.8058,22.561,20.6155,20.2237,17.2627,22.0907,22,20,17,22.0907,17.1172,20.3961,109.417,95.1315,99.0051,113.846,104.657,86.6083,112.712,88.8876,101.242,93.8616,109.713,125.399,113.442,119.921,133.222,108.688,113.899,123.146,101.607,148.96,171.231,127.094,151.45,125.925,138.6,163.233,138.842,156.589,130.269,144.253,151.397,148.476,151.212,140.071,150.655,137.801,155.618,163.028,139.789,119.206,148.519,159.831,166.931,155.219,142.13,133.735,149.683,154.674,156.486,158.051
23.3452,24.7588,19.799,21.2603,19.105,20.8087,18.4391,18.868,20.5913,15.6525,18.3848,33.1361,23.7697,33.541,29.1204,33.9559,25.0799,26.4197,30.8707,2.82843,2,0,3,3.60555,3,4.24264,5,5.83095,8.24621,8.544,24.7588,21.6333,23.3238,21.1896,28.6007,24.0416,28.6356,30.4631,28.8617,23.0868,21.1896,20.6155,17.72,22.3607,22.0907,20.0998,17.1172,22,17,20.0998,111.14,96.7988,100.846,115.694,106.438,88.3233,114.49,90.802,102.927,95.8019,111.198,127.236,115.122,121.742,134.848,110.494,115.365,124.808,103.228,150.867,173.078,128.798,153.183,127.581,140.007,165.024,140.73,158.354,132.098,145.99,153.235,150.27,153.026,141.534,152.109,139.402,157.305,164.542,141.524,120.739,149.913,161.276,168.315,156.541,143.544,135.207,150.987,156.205,157.747,159.298
21.4009,22.6716,17.8045,19.105,17.2047,18.4391,16.2788,16.4012,18.0278,13.0384,15.6525,30.1496,20.8806,30.5941,26.2488,31.0483,22.3607,23.8537,28.178,5.38516,3.60555,3,0,5.83095,4.24264,3,5.83095,5,9.43398,8,26.9072,23.4307,25,22.3607,30.4795,25.0799,30.0167,31.7648,29.7321,25.9615,24.0416,23.5372,20.6155,25.318,25.0799,23.0868,20.0998,25,20,23.0868,109.659,95.1893,99.7246,114.586,105.119,86.8332,113.159,89.9889,101.356,95.1262,109.225,126.087,113.534,120.54,133.135,109.252,113.358,123.175,101.514,150,171.956,127.264,151.717,125.936,137.902,163.719,139.778,156.975,130.924,144.534,152.086,148.977,151.796,139.517,150.073,137.637,155.724,162.607,140.064,118.849,147.787,159.226,166.172,154.311,141.45,133.207,148.735,154.302,155.438,156.975
26.9072,28.2843,23.3452,24.7588,22.6716,24.2074,21.9317,22.2036,23.8537,18.868,21.4709,35,25.1794,35.1283,30.4138,35.3553,25.9615,26.9258,31.6228,5,5.38516,3.60555,5.83095,0,2,5,2.82843,5.38516,5,7.07107,21.2132,18.0278,19.7231,17.72,25,20.6155,25.0799,26.9258,25.4951,22.3607,20.5913,19.6977,17,21.1896,20.6155,18.6815,15.8114,20.2237,15.2971,18.0278,114.739,100.404,104.389,119.231,110.018,91.9239,118.072,94.255,106.532,99.2018,114.769,130.782,118.727,125.3,138.452,114.061,118.929,128.413,106.832,154.331,176.615,132.401,156.78,131.187,143.544,168.6,144.222,161.941,135.65,149.586,156.78,153.844,156.589,145.097,155.666,143.003,160.91,168.122,145.121,124.326,153.444,164.83,171.84,160.031,147.085,138.773,154.467,159.79,161.199,162.742
25.6125,26.9072,22.0227,23.3452,21.4009,22.6716,20.5183,20.6155,22.2036,17.2047,19.7231,33,23.1948,33.1361,28.4429,33.3766,24.0416,25.0799,29.7321,5.38516,5,3,4.24264,2,0,3,2,3.60555,5.38516,5.83095,22.6716,19.2094,20.8087,18.3848,26.2488,21.1896,25.9422,27.7308,25.9615,24.1661,22.3607,21.5407,18.7883,23.0868,22.561,20.6155,17.72,22.2036,17.2627,20.025,113.741,99.3227,103.619,118.474,109.124,90.9175,117.171,93.6803,105.475,98.7168,113.455,130,117.661,124.483,137.306,113.217,117.593,127.318,105.683,153.734,175.855,131.37,155.795,130.085,142.144,167.72,143.569,161.012,134.852,148.607,156,152.971,155.756,143.753,154.311,141.824,159.85,166.832,144.139,123.065,152.03,163.466,170.414,158.55,145.691,137.441,152.971,158.521,159.665,161.199
23.8537,25,20.2485,21.4009,19.7231,20.5183,18.6011,18.3848,19.8494,14.8661,17.2047,30,20.2237,30.1496,25.4951,30.4138,21.1896,22.3607,26.9258,7.07107,5.83095,4.24264,3,5,3,0,3.60555,2,7.07107,5,25,21.2132,22.6716,19.7231,28.2843,22.3607,27.4591,29.1548,26.9258,26.9258,25.0799,24.3516,21.5407,25.9615,25.4951,23.5372,20.6155,25.1794,20.2237,23.0217,112.294,97.7548,102.528,117.393,107.838,89.4707,115.871,92.8924,103.942,98.0612,111.521,128.876,116.108,123.309,135.624,112.004,115.624,125.718,104.01,152.882,174.751,129.865,154.353,128.472,140.071,166.436,142.636,159.656,133.701,147.177,154.871,151.7,154.548,141.767,152.306,140.089,158.294,164.924,142.706,121.211,149.933,161.443,168.297,156.349,143.628,135.473,150.748,156.646,157.385,158.902
27.2029,28.4253,23.6008,24.8395,23.0217,24.0416,22.0227,21.9317,23.4307,18.4391,20.8087,33.0606,23.0217,33.0151,28.1603,33.1361,23.5372,24.3516,29.1204,7.28011,7,5,5.83095,2.82843,2,3.60555,0,3,3.60555,4.24264,21.4009,17.6918,19.2094,16.5529,24.7588,19.3132,24.1868,25.9422,24.0416,25.0599,23.3238,22.3607,19.7231,23.7697,23.0868,21.1896,18.3848,22.561,17.72,20.2237,115.486,101.02,105.475,120.333,110.923,92.6607,118.966,95.6033,107.187,100.663,114.978,131.848,119.365,126.317,138.957,115.039,119.097,129.004,107.336,155.647,177.71,133.094,157.544,131.765,143.586,169.523,145.465,162.791,136.693,150.36,157.848,154.777,157.582,145.248,155.795,143.45,161.555,168.372,145.89,124.631,153.457,164.939,171.828,159.906,147.139,138.946,154.311,160.078,160.963,162.484
25.5539,26.6271,21.9545,23.0217,21.4709,22.0227,20.2485,19.8494,21.2132,16.2788,18.4391,30.0666,20.025,30.0167,25.1794,30.1496,20.6155,21.5407,26.2488,8.60233,7.61577,5.83095,5,5.38516,3.60555,2,3,0,5.83095,3,23.8537,19.8494,21.2132,18.0278,26.9072,20.5913,25.807,27.4591,25.0799,27.7308,25.9422,25.0799,22.3607,26.5707,25.9615,24.0416,21.1896,25.4951,20.6155,23.1948,114.061,99.4786,104.403,119.269,109.659,91.2414,117.686,94.8314,105.679,100.02,113.071,130.74,117.835,125.16,137.295,113.846,117.154,127.424,105.688,154.806,176.618,131.609,156.119,130.173,141.534,168.253,144.544,161.45,135.558,148.946,156.732,153.522,156.387,143.283,153.808,141.736,160.016,166.481,144.475,122.801,151.38,162.936,169.729,157.724,145.097,137,152.109,158.221,158.701,160.206
30.8058,32.0156,27.2029,28.4253,26.6271,27.5862,25.6125,25.4558,26.9072,21.9317,24.2074,35.3553,25.0799,35.0571,30,35,25.0799,25.4951,30.4138,10,10.198,8.24621,9.43398,5,5.38516,7.07107,3.60555,5.83095,0,5,18.0278,14.1421,15.6205,13,21.2132,15.8114,20.5913,22.3607,20.6155,25,23.4307,22.2036,19.8494,23.3238,22.3607,20.5913,18.0278,21.5407,17,18.9737,119.08,104.623,109.005,123.859,114.495,96.2549,122.54,99.0404,110.788,104.048,118.562,135.385,122.967,129.865,142.562,118.596,122.674,132.608,110.941,159.101,181.24,136.693,161.137,135.37,147.139,173.092,148.946,166.373,140.236,153.951,161.385,158.345,161.137,148.822,159.364,147.054,165.158,171.959,149.482,128.226,157.003,168.505,175.368,163.417,150.695,142.524,157.813,163.67,164.438,165.952
28.178,29.1548,24.5967,25.5539,24.1661,24.4131,22.8254,22.2036,23.4307,18.6011,20.5183,30.4138,20.0998,30.0666,25,30,20.0998,20.6155,25.4951,11.1803,10.4403,8.544,8,7.07107,5.83095,5,4.24264,3,5,0,22.3607,18.0278,19.2094,15.6205,25,18.0278,23.4307,25,22.3607,29.1548,27.4591,26.4197,23.8537,27.7308,26.9258,25.0799,22.3607,26.2488,21.5407,23.7697,116.726,102.083,107.224,122.09,112.401,93.9149,120.42,97.7446,108.301,102.961,115.421,133.544,120.441,127.945,139.818,116.619,119.474,130,108.227,157.696,179.424,134.239,158.777,132.74,143.753,170.985,147.411,164.149,138.351,151.611,159.531,156.263,159.154,145.578,156.083,144.222,162.61,168.834,147.139,125.208,153.574,165.194,171.898,159.812,147.323,139.313,154.175,160.602,160.702,162.188
48.1041,49.4975,44.5533,45.9674,43.8634,45.3431,43.1393,43.2782,44.8219,39.8246,42.2019,52.2015,41.7612,51.4198,46.0977,50.9902,40.7922,40.3113,45.2769,25,26.2488,24.7588,26.9072,21.2132,22.6716,25,21.4009,23.8537,18.0278,22.3607,0,5,5.38516,10.198,5,11.1803,9.43398,11.1803,14.1421,25.4951,25.1794,23.1948,23,22.561,20.6155,20.2237,20,18.6815,18,16.2788,135.37,121.248,124.326,139.09,130.361,112.606,138.423,113.464,127.315,117.987,135.949,150.712,139.521,145.362,159.402,134.239,140.121,149.265,127.801,173.459,196.4,153.101,177.341,152.053,164.757,188.828,163.615,182.332,155.631,170.135,176.664,174.063,176.664,166.292,176.867,164.012,181.665,189.275,165.68,145.454,174.657,186.035,193.052,181.218,168.297,159.962,175.642,180.923,182.332,183.861
44.8219,46.0977,41.2311,42.5206,40.6079,41.7253,39.6989,39.598,41.0366,36.0694,38.2884,47.4342,37,46.5725,41.2311,46.0977,35.9026,35.3553,40.3113,22.3607,23.3238,21.6333,23.4307,18.0278,19.2094,21.2132,17.6918,19.8494,14.1421,18.0278,5,0,2,5.38516,7.07107,7.07107,8,10,11.1803,26.9258,26.2488,24.3516,23.5372,24.1661,22.3607,21.5407,20.6155,20.5913,18.6815,17.8885,132.74,118.431,122.156,136.971,127.941,109.932,136,111.665,124.555,116.387,132.654,148.556,136.752,143.126,156.474,131.928,136.781,146.441,124.852,171.735,194.34,150.416,174.771,149.215,161.276,186.497,161.756,179.889,153.447,167.574,174.542,171.735,174.428,162.936,173.485,161.012,178.933,186.038,163.11,142.274,171.143,182.631,189.51,177.553,164.83,156.63,171.945,177.73,178.55,180.056
46.4004,47.634,42.8019,44.0454,42.2019,43.1856,41.2311,41.0366,42.4264,37.4833,39.6232,48.1041,37.6962,47.1275,41.7612,46.5725,36.4005,35.6931,40.6079,24.1661,25.0599,23.3238,25,19.7231,20.8087,22.6716,19.2094,21.2132,15.6205,19.2094,5.38516,2,0,5,5.83095,5.83095,6,8,9.43398,28.7924,28.1603,26.2488,25.4951,26,24.1661,23.4094,22.561,22.3607,20.6155,19.6977,134.462,120.108,123.976,138.798,129.711,111.647,137.768,113.547,126.246,118.296,134.183,150.376,138.438,144.931,158.114,133.72,138.293,148.111,126.491,173.623,196.173,152.122,176.502,150.881,162.733,188.279,163.625,181.648,155.261,169.307,176.366,173.519,176.23,164.438,174.977,162.631,180.624,187.579,164.842,143.84,172.586,184.114,190.94,178.933,166.292,158.142,173.312,179.287,179.878,181.373
43.566,44.6542,39.9625,41.0488,39.4462,40,38.2753,37.8021,39.0512,34.2053,36.1248,43.4626,33.1059,42.3792,37,41.7612,31.6228,30.8058,35.6931,22.561,23.0868,21.1896,22.3607,17.72,18.3848,19.7231,16.5529,18.0278,13,15.6205,10.198,5.38516,5,0,10.4403,3,7.81025,9.43398,8,30.8869,29.9666,28.178,26.9258,28.3019,26.6271,25.5539,24.1661,25,22.3607,22.2036,132.004,117.478,122.004,136.858,127.475,109.179,135.518,111.973,123.665,116.914,131.034,148.385,135.831,142.864,155.322,131.59,135.093,145.437,123.713,172.047,194.24,149.586,174.063,148.189,159.364,186.075,161.92,179.335,153.235,166.883,174.385,171.33,174.132,161.199,171.703,159.762,178.017,184.448,162.413,140.801,169.177,180.812,187.491,175.362,162.936,154.932,169.712,176.207,176.185,177.654
51.8556,53.1507,48.2701,49.5782,47.634,48.7955,46.7547,46.669,48.1041,43.1393,45.3431,53.8516,43.4626,52.811,47.4342,52.2015,42.0595,41.2311,46.0977,29.1548,30.2324,28.6007,30.4795,25,26.2488,28.2843,24.7588,26.9072,21.2132,25,5,7.07107,5.83095,10.4403,0,10,5.83095,7.07107,11.1803,30.4138,30.1496,28.1603,28,27.4591,25.4951,25.1794,25,23.5372,23,21.2132,139.607,125.363,128.81,143.6,134.718,116.812,142.78,118.106,131.469,122.703,139.703,155.206,143.67,149.817,163.444,138.654,143.837,153.379,131.826,178.138,200.943,157.305,181.618,156.157,168.345,193.238,168.241,186.682,160.112,174.416,181.177,178.474,181.122,169.994,180.546,168.003,185.841,193.08,169.956,149.305,178.213,189.694,196.581,184.621,171.898,163.686,179.011,184.765,185.607,187.11
46.1411,47.1699,42.5441,43.566,42.0595,42.4382,40.8167,40.2244,41.4005,36.6197,38.4187,44.7214,34.4819,43.4626,38.0789,42.72,32.6956,31.6228,36.4005,25.4951,25.9615,24.0416,25.0799,20.6155,21.1896,22.3607,19.3132,20.5913,15.8114,18.0278,11.1803,7.07107,5.83095,3,10,0,5.83095,7.07107,5,33.541,32.6956,30.8707,29.7321,30.8869,29.1548,28.178,26.9258,27.4591,25.0799,24.6982,134.648,120.067,124.788,139.646,130.188,111.826,138.224,114.843,126.27,119.817,133.405,151.159,138.423,145.619,157.842,134.332,137.437,148.003,126.246,174.909,197.023,152.201,176.706,150.748,161.617,188.788,164.757,182.016,156,169.532,177.158,174.049,176.876,163.518,174.003,162.25,180.602,186.815,165.061,143.22,171.406,183.096,189.694,177.496,165.194,157.267,171.828,178.6,178.241,179.694
51.3128,52.4309,47.7074,48.8262,47.1699,47.8017,46.0435,45.607,46.8615,42.0119,43.9318,50.5371,40.3113,49.2443,43.8634,48.4665,38.4838,37.3363,42.0595,29.7321,30.4631,28.6356,30.0167,25.0799,25.9422,27.4591,24.1868,25.807,20.5913,23.4307,9.43398,8,6,7.81025,5.83095,5.83095,0,2,5.38516,34.4819,33.9559,32.0156,31.4006,31.6228,29.7321,29.1204,28.4429,27.8568,26.4764,25.2982,139.671,125.196,129.468,144.309,135.059,116.846,143.108,119.218,131.37,124.04,138.842,155.862,143.544,150.376,163.083,139.129,142.902,153.17,131.469,179.301,201.693,157.28,181.728,155.926,167.171,193.652,169.248,186.955,160.73,174.542,181.86,178.899,181.662,169.009,179.513,167.538,185.734,192.255,170.074,148.6,176.98,188.621,195.29,183.142,170.742,162.742,177.485,184.011,183.935,185.397
53,54.0833,49.3964,50.4777,48.8774,49.4065,47.7074,47.2017,48.4149,43.6005,45.4533,51.4782,41.3401,50.0899,44.7214,49.2443,39.3573,38.0789,42.72,31.6228,32.311,30.4631,31.7648,26.9258,27.7308,29.1548,25.9422,27.4591,22.3607,25,11.1803,10,8,9.43398,7.07107,7.07107,2,0,5,36.4005,35.9026,33.9559,33.3766,33.5261,31.6228,31.0483,30.4138,29.7321,28.4429,27.2029,141.421,126.909,131.309,146.154,136.854,118.596,144.9,121.116,133.094,125.96,140.417,157.699,145.262,152.201,164.754,140.943,144.461,154.871,133.147,181.199,203.539,159.013,183.48,157.623,168.671,195.451,171.129,188.733,162.561,176.298,183.698,180.701,183.48,170.552,181.044,169.189,187.449,193.83,171.828,150.207,178.466,190.142,196.759,184.567,172.247,164.295,178.899,185.602,185.311,186.762
50.5371,51.4782,46.9574,47.8853,46.5188,46.6476,45.1774,44.4185,45.4863,40.8167,42.4382,47.1699,37.2022,45.6508,40.3113,44.7214,34.9857,33.541,38.0789,30.4138,30.8058,28.8617,29.7321,25.4951,25.9615,26.9258,24.0416,25.0799,20.6155,22.3607,14.1421,11.1803,9.43398,8,11.1803,5,5.38516,5,0,38.0789,37.3363,35.4683,34.4819,35.3412,33.541,32.6956,31.6228,31.7648,29.7321,29.0689,139.086,124.423,129.449,144.312,134.737,116.276,142.762,119.641,130.648,124.664,137.412,155.801,142.78,150.233,162.077,138.924,141.4,152.315,130.511,179.689,201.675,156.589,181.135,155.048,165.424,193.329,169.499,186.507,160.627,173.971,181.797,178.6,181.466,167.431,177.882,166.433,184.938,190.801,169.499,147.299,175.171,186.947,193.414,181.108,169.009,161.208,175.414,182.628,181.728,183.153
39.2938,41.2311,36.6742,38.6394,35.6931,39.3192,36.3456,38.1182,40.1123,36,39,55.9017,46.8402,56.5155,52.2015,57.0088,48.1041,49.2443,53.8516,20.6155,22.561,23.0868,25.9615,22.3607,24.1661,26.9258,25.0599,27.7308,25,29.1548,25.4951,26.9258,28.7924,30.8869,30.4138,33.541,34.4819,36.4005,38.0789,0,2,2.82843,5.38516,3,5,5.38516,7.07107,7,8.60233,9.21954,118.343,105.361,105.437,119.817,112.446,96.1769,120.42,93.2952,111.036,97.0618,122.442,131.469,123.11,126.491,143.558,115.802,126.823,133.004,112.486,152.506,176.502,136.125,159.625,135.831,152.003,170.018,143.178,164.027,136.459,152.434,157.099,155.332,157.544,152.751,163.377,148.492,164.657,174.828,148.054,131.137,162.003,172.595,180.413,169.499,155.416,146.349,164.195,166.292,171.421,173.104
37.3631,39.2938,34.7131,36.6742,33.7343,37.3363,34.3657,36.1248,38.1182,34,37,53.9351,44.9222,54.5711,50.2892,55.0818,46.2385,47.4236,52,18.6815,20.6155,21.1896,24.0416,20.5913,22.3607,25.0799,23.3238,25.9422,23.4307,27.4591,25.1794,26.2488,28.1603,29.9666,30.1496,32.6956,33.9559,35.9026,37.3363,2,0,2,3.60555,3.60555,5.38516,5,5.83095,7.28011,7.61577,9,117.034,103.947,104.293,118.727,111.212,94.7945,119.202,92.2822,109.659,96.1509,120.88,130.384,121.754,125.363,142.172,114.621,125.252,131.643,111.036,151.638,175.514,134.826,158.405,134.469,150.416,168.908,142.239,162.865,135.37,151.208,156.064,154.208,156.461,151.212,161.839,147.085,163.377,173.358,146.82,129.634,160.415,171.058,178.832,167.863,153.838,144.81,162.542,164.83,169.744,171.421
37.9473,39.8497,35.171,37.108,34.2053,37.6563,34.7131,36.3456,38.3275,34.0588,37.054,53.6004,44.3847,54.1295,49.7293,54.5711,45.5412,46.6154,51.264,18.2483,20.2237,20.6155,23.5372,19.6977,21.5407,24.3516,22.3607,25.0799,22.2036,26.4197,23.1948,24.3516,26.2488,28.178,28.1603,30.8707,32.0156,33.9559,35.4683,2.82843,2,0,3,2.23607,3.60555,3,4.24264,5.38516,5.83095,7,118.562,105.38,105.948,120.416,112.801,96.2601,120.801,94.0213,111.126,97.9439,122.147,132.076,123.24,127.028,143.628,116.25,126.507,133.124,112.432,153.447,177.26,136.36,160,135.949,151.648,170.581,144.014,164.502,137.058,152.801,157.785,155.872,158.152,152.502,163.132,148.519,164.924,174.725,148.405,130.969,161.645,172.351,180.069,169.027,155.081,146.103,163.683,166.208,170.848,172.514
35.1141,37,32.28,34.2053,31.3209,34.7131,31.7805,33.3766,35.3553,31.0644,34.0588,50.636,41.4849,51.1957,46.8402,51.6624,42.72,43.8634,48.4665,15.2971,17.2627,17.72,20.6155,17,18.7883,21.5407,19.7231,22.3607,19.8494,23.8537,23,23.5372,25.4951,26.9258,28,29.7321,31.4006,33.3766,34.4819,5.38516,3.60555,3,0,5.09902,5.83095,4.24264,3,7.07107,5,7.61577,116.662,103.325,104.307,118.849,111.018,94.2603,119.038,92.5905,109.124,96.6644,119.854,130.511,121.264,125.399,141.598,114.547,124.197,131.137,110.318,152.201,175.824,134.466,158.218,133.959,149.305,168.964,142.664,162.807,135.484,151.013,156.285,154.237,156.579,150.233,160.863,146.455,163.049,172.557,146.605,128.763,159.298,170.082,177.73,166.604,152.751,143.837,161.236,164.055,168.363,170.018
40.1622,42.0595,37.3631,39.2938,36.4005,39.8121,36.8782,38.4708,40.4475,36.1248,39.1152,55.4437,46.0977,55.9017,51.4198,56.2939,47.1275,48.1041,52.811,20.0998,22.0907,22.3607,25.318,21.1896,23.0868,25.9615,23.7697,26.5707,23.3238,27.7308,22.561,24.1661,26,28.3019,27.4591,30.8869,31.6228,33.5261,35.3412,3,3.60555,2.23607,5.09902,0,2,2.82843,5.38516,4,6.40312,6.32456,120.615,107.49,107.898,122.332,114.809,98.3514,122.801,95.8801,113.217,99.7296,124.326,133.989,125.32,128.969,145.726,118.224,128.69,135.207,114.56,155.206,179.109,138.409,162.003,138.033,153.838,172.514,145.825,166.469,138.975,154.806,159.665,157.813,160.066,154.674,165.303,150.629,166.964,176.867,150.416,133.124,163.835,174.522,182.258,171.234,157.267,148.273,165.895,168.345,173.066,174.734
40.8534,42.72,37.9473,39.8497,37,40.2616,37.3631,38.833,40.7922,36.3456,39.3192,55.2268,45.7056,55.5788,50.9902,55.9017,46.5725,47.4342,52.2015,20,22,22.0907,25.0799,20.6155,22.561,25.4951,23.0868,25.9615,22.3607,26.9258,20.6155,22.3607,24.1661,26.6271,25.4951,29.1548,29.7321,31.6228,33.541,5,5.38516,3.60555,5.83095,2,0,2,5,2,5.38516,4.47214,122.147,108.931,109.554,124.02,116.4,99.8248,124.403,97.6166,114.691,101.518,125.607,135.68,126.811,130.633,147.187,119.854,129.958,136.693,115.966,157.013,180.854,139.946,163.6,139.517,155.081,174.187,147.597,168.107,140.663,156.4,161.385,159.477,161.756,155.974,166.604,152.069,168.514,178.241,152.003,134.469,165.076,175.824,183.505,172.409,158.521,149.576,167.048,169.729,174.184,175.841
39,40.8534,36.0555,37.9473,35.1141,38.3275,35.4401,36.8782,38.833,34.3657,37.3363,53.2353,43.7379,53.6004,49.0306,53.9351,44.643,45.5412,50.2892,18,20,20.0998,23.0868,18.6815,20.6155,23.5372,21.1896,24.0416,20.5913,25.0799,20.2237,21.5407,23.4094,25.5539,25.1794,28.178,29.1204,31.0483,32.6956,5.38516,5,3,4.24264,2.82843,2,0,3,2.82843,3.60555,4,120.88,107.564,108.453,122.967,115.209,98.4937,123.223,96.6488,113.358,100.648,124.085,134.629,125.495,129.541,145.836,118.714,128.425,135.37,114.56,156.17,179.889,138.683,162.41,138.192,153.525,173.104,146.687,166.973,139.607,155.206,160.378,158.382,160.702,154.467,165.097,150.695,167.263,176.799,150.801,133.004,163.518,174.316,181.951,170.801,156.975,148.071,165.424,168.297,172.534,174.184
36.2491,38.0789,33.2415,35.1141,32.311,35.4401,32.573,33.9559,35.9026,31.4006,34.3657,50.2494,40.7922,50.636,46.0977,50.9902,41.7612,42.72,47.4342,15,17,17.1172,20.0998,15.8114,17.72,20.6155,18.3848,21.1896,18.0278,22.3607,20,20.6155,22.561,24.1661,25,26.9258,28.4429,30.4138,31.6228,7.07107,5.83095,4.24264,3,5.38516,5,3,0,5.38516,2,5,119.017,105.551,106.85,121.433,113.464,96.5401,121.495,95.2575,111.396,99.4032,121.828,133.094,123.556,127.945,143.837,117.047,126.151,133.417,112.486,154.945,178.474,136.821,160.655,136.235,151.212,171.511,145.362,165.303,138.062,153.447,158.902,156.774,159.154,152.227,162.856,148.661,165.415,174.657,149.03,130.832,161.199,172.073,179.636,168.404,154.674,145.836,163.003,166.172,170.074,171.712
41.6293,43.4626,38.6264,40.4969,37.6962,40.8044,37.9473,39.2938,41.2311,36.6742,39.6232,55.0818,45.3982,55.3263,50.636,55.5788,46.0977,46.8402,51.6624,20.0998,22.0907,22,25,20.2237,22.2036,25.1794,22.561,25.4951,21.5407,26.2488,18.6815,20.5913,22.3607,25,23.5372,27.4591,27.8568,29.7321,31.7648,7,7.28011,5.38516,7.07107,4,2,2.82843,5.38516,0,5,2.82843,123.693,110.39,111.221,125.718,118.004,101.316,126.016,99.363,116.181,103.315,126.905,137.379,128.316,132.306,148.661,121.495,131.244,138.192,117.388,158.824,182.603,141.496,165.206,141.014,156.339,175.866,149.375,169.753,142.359,158.003,163.11,161.149,163.453,157.29,167.92,153.522,170.074,179.627,153.6,135.831,166.331,177.138,184.765,173.6,159.79,150.894,168.217,171.126,175.317,176.963
37.1214,38.9102,34.0147,35.8469,33.1059,36.0555,33.2415,34.4819,36.4005,31.7805,34.7131,50.0899,40.4475,50.3587,45.7056,50.636,41.2311,42.0595,46.8402,15.1327,17.1172,17,20,15.2971,17.2627,20.2237,17.72,20.6155,17,21.5407,18,18.6815,20.6155,22.3607,23,25.0799,26.4764,28.4429,29.7321,8.60233,7.61577,5.83095,5,6.40312,5.38516,3.60555,2,5,0,3.60555,120.603,107.056,108.559,123.167,115.109,98.0816,123.146,97.0464,112.929,101.237,123.167,134.826,125.1,129.653,145.344,118.727,127.475,134.952,113.952,156.78,180.247,138.405,162.29,137.768,152.502,173.217,147.167,166.976,139.789,155.081,160.655,158.474,160.879,153.574,164.201,150.147,167.003,176.071,150.659,132.231,162.484,173.416,180.923,169.623,155.974,147.187,164.201,167.598,171.234,172.861
40.7063,42.4853,37.5766,39.3954,36.6742,39.5601,36.7696,37.9473,39.8497,35.171,38.0789,53.0094,43.1856,53.1507,48.3735,53.3385,43.7379,44.3847,49.2443,18.4391,20.3961,20.0998,23.0868,18.0278,20.025,23.0217,20.2237,23.1948,18.9737,23.7697,16.2788,17.8885,19.6977,22.2036,21.2132,24.6982,25.2982,27.2029,29.0689,9.21954,9,7,7.61577,6.32456,4.47214,4,5,2.82843,3.60555,0,124.016,110.535,111.83,126.4,118.461,101.533,126.491,100.185,116.387,104.278,126.732,138.062,128.55,132.925,148.822,122.037,131.046,138.409,117.456,159.816,183.412,141.82,165.653,141.227,156.083,176.491,150.27,170.294,143.031,158.446,163.857,161.756,164.125,157.137,167.765,153.639,170.414,179.605,154.029,135.772,166.066,176.98,184.505,173.22,159.552,150.748,167.8,171.126,174.837,176.465
88.5494,87.6641,92.1303,91.236,92.5905,92.6121,93.9149,94.8472,94.0213,98.4124,97.17,101.637,107.205,104.561,107.703,106.513,111.018,113.886,112.539,110.454,109.417,111.14,109.659,114.739,113.741,112.294,115.486,114.061,119.08,116.726,135.37,132.74,134.462,132.004,139.607,134.648,139.671,141.421,139.086,118.343,117.034,118.562,116.662,120.615,122.147,120.88,119.017,123.693,120.603,124.016,0,15.2971,17.2627,16.2788,8.06226,22.8254,7.2111,31.3209,9.05539,33.1361,22.2036,21.8403,6.08276,16.1555,26.0768,9.84886,24.5967,15.2643,12.6491,49.2443,64.7765,17.8045,42.0595,18.0278,43.1045,54.7083,38.3275,47.5395,25.1794,34.8855,45.1774,40.2616,43.7379,40.7922,50.2892,31.3847,46.4004,58.6686,30.4138,21.2132,51.788,58.8727,68.3081,61.5224,45.3982,35.2278,58.0775,50.1199,66.1211,68.1175
73.9256,72.9452,77.5242,76.5376,78.032,77.8267,79.2591,80.0625,79.1581,83.6481,82.2922,86.3481,92.0272,89.2693,92.4446,91.2195,95.8175,98.6712,97.2677,96.2601,95.1315,96.7988,95.1893,100.404,99.3227,97.7548,101.02,99.4786,104.623,102.083,121.248,118.431,120.108,117.478,125.363,120.067,125.196,126.909,124.423,105.361,103.947,105.38,103.325,107.49,108.931,107.564,105.551,110.39,107.056,110.535,15.2971,0,18.4391,27.5136,14.8661,9.43398,21.0238,27.6586,6.32456,32.311,21.095,36.1248,18.3576,30.1496,38.2884,19.9249,25.318,28.0179,7.61577,63.5059,80.0625,32.2025,56.8595,30.8058,49.3964,69.9214,52.469,62.6259,40,49.7695,60.407,55.5428,59.0339,48.7647,59.1692,43.1393,60.5392,69.6563,45.31,26.8328,59.0931,68.2642,76.9415,68.0074,52.3927,42.4853,63.6003,61.0737,71.5681,73.4983
79.404,78.848,82.8613,82.28,83.1685,83.9345,84.7703,86.1278,85.6154,89.56,88.7694,96.1873,100.285,99.1817,101.597,101.178,104.235,107.201,106.569,99.8098,99.0051,100.846,99.7246,104.389,103.619,102.528,105.475,104.403,109.005,107.224,124.326,122.156,123.976,122.004,128.81,124.788,129.468,131.309,129.449,105.437,104.293,105.948,104.307,107.898,109.554,108.453,106.85,111.221,108.559,111.83,17.2627,18.4391,0,14.8661,9.21954,18.0278,15.8114,14.3178,17.088,16,36.4005,26.4008,23.3452,21.095,42.5441,10.6301,39.8121,31.9531,22.8473,51.3517,72.2357,32.7567,54.4885,34.5398,60.2993,64.6607,40.6079,58.6003,31.305,47.3814,52.3927,49.93,52.3546,58.0517,67.4463,47.927,60.208,75.1532,43.1393,38,69.0507,75.8947,85.44,78.7718,62.6498,52.469,75.2396,66.7083,83.2947,85.2877
