0,49.2443,40.4969,25.0799,20.5183,31.3847,34.9285,10.7703,38.1838,7.81025,31.7805,13.8924,8.94427,44.0454,60.7289,46.0109,22.1359,12.8062,7.07107,14.7648,36.8782,41.8808,39.1152,23.7697,58.258,12.1655,19.7231,15.5563,20.1246,33.4215,16.1555,28.6356,5.38516,34.5254,14.0357,43,31.4006,61.5224,47.8017,25.2389,29.4109,57.2189,56.356,42.638,26.2488,32.45,30.4138,15.5242,44.7214,28.178,96.9381,123.045,125.252,115.603,118.068,132.412,143.45,129.808,140.929,136.488,147.085,115.421,106.508,112.712,74.2496,86.5563,132.966,107.615,113.172,106.832,84.1724,131.883,132.608,134.97,135.204,109.202,106.019,94.0479,99.6243,109.293,96.0469,129.321,136.62,142.899,145.774,156.978,141.032,117.686,129.449,104.403,148.661,141.767,142.948,135.37,138.293,138.033,140.584,144.499,140.121,147.411
49.2443,0,79.0253,26.4197,34.2345,40.2492,46.1411,44.0114,84.0773,46.2385,77.026,40.2492,40.6079,9.84886,12.2066,28.6007,42.2019,38.1182,53.3385,60.0083,12.3693,36.4005,35.3412,54.037,48.0937,51.4296,47.2017,37,48.6004,80.6226,37.1214,74.0068,53.7587,61.5549,55.0091,57.6888,32.2025,33.3766,52.5547,36.7967,20.0998,18.3576,15.1327,30.4138,57.7235,34,56.3028,33.7343,73.9256,70.8308,59.6154,85.8662,83.6002,70.0928,71.0282,85.8021,99.7246,87.4586,100.688,98.8838,108.227,83.2406,77.9295,89.0898,42.19,55.5788,84.5281,63.7809,75.1332,71.5122,48.7647,86.4523,87.7268,89.3756,89.0225,67.424,63.6003,51.8652,57.4282,65.1153,55.9464,95.2733,100.18,105.589,105.948,118.191,98.7168,83.2166,90.5539,74.3303,108.467,101.02,103.175,94.8683,97.4166,98.1835,99.2018,104.043,100.404,106.607
40.4969,79.0253,0,53.0754,59.9416,71.8679,75.2861,51.264,17.0294,37.2156,53.1601,40.4599,47.4131,70.4557,91.214,84.9058,62.6259,51.8845,43.9318,25.9615,67.9412,51.2445,49.98,25,59.0085,30.5287,31.8904,55.0091,30.4795,20.8087,43.1856,51.4198,41,20.3961,27.2947,82.201,71.1196,99.8649,43,42.4382,63.0317,78.2943,90.5097,81.9878,63.2851,72.45,68.593,51.0392,78.2304,13.0384,134.317,160.86,161.245,149.037,150,164.806,178.331,165.463,177.722,174.29,184.505,154.486,146.123,152.971,112.414,125.363,162.604,142.215,150.572,145,121.824,165.424,166.604,168.372,168.048,144.972,141.421,129.402,135.059,143.684,132.382,168.107,174.806,180.854,182.784,194.489,176.777,156.237,166.712,143.736,185.526,178.331,179.961,172.003,174.771,174.977,176.828,181.218,177.138,183.984
25.0799,26.4197,53.0754,0,20.2485,33.6155,39.8121,24.1868,57.6975,20.3961,56.0446,13.9284,18.0278,19.4165,38.5876,36.4966,29.2062,18.0278,30.8058,33.8378,14.8661,23.2594,20.6155,28.3196,40.3113,25.0799,21.2132,19.105,22.6274,54.4243,10.7703,52.8867,30.2655,37.2156,28.6356,51.4782,27.6586,49.3964,36.2215,12.6491,11.4018,32.1403,37.5366,35.0571,42.638,29.8329,43.8634,11.6619,61.5549,44.4185,82.0975,108.724,108.301,96.0469,97.3499,112.071,125.256,112.45,124.964,122.066,132.004,103.755,96.566,105.513,61.2699,74.7329,110.91,89.1403,98.2293,93.2952,69.9714,112.446,113.569,115.421,115.209,92.0217,88.4138,76.4199,82.0731,90.6091,79.6492,116.846,122.874,128.705,130.096,142.004,123.762,104.809,114.202,93.6216,132.774,125.495,127.283,119.206,121.918,122.287,123.907,128.425,124.471,131.137
20.5183,34.2345,59.9416,20.2485,0,14.1421,19.9249,11.1803,58.6941,22.8473,43.0465,22.0907,12.53,32.6956,44.1022,25.4951,9.21954,8.06226,21.4709,35,23.0868,43.4166,40.7063,38.833,60.5392,29.5466,32.249,5,33.3766,53.8145,21.0238,40.1123,23.0217,49.6488,32.6497,31.305,11.1803,41.0122,55.0818,29.8329,15.2315,47.4236,37.6431,22.2036,24.1661,12.6491,24.2074,11.0454,42.2019,48.2597,76.4853,102.533,105,96.1509,99.1615,113.217,123.422,109.622,120.507,115.974,126.59,95,86.2844,93.1075,53.7401,66.0681,114.843,87.818,92.6984,86.3134,63.7024,112.294,112.872,115.412,115.832,89.0505,85.9826,74.0945,79.6116,89.5545,75.8024,108.853,116.103,122.381,125.32,136.473,120.801,97.1854,108.977,84.0536,128.222,121.38,122.495,114.978,117.924,117.593,120.254,124.085,119.67,127.016
31.3847,40.2492,71.8679,33.6155,14.1421,0,6.40312,20.6155,68.2422,35.6931,44.0114,36,25.318,41.8688,47.2969,19.6469,9.43398,21.095,29.4109,46.0977,31.8904,56.8595,54.231,52.345,73.7902,42.2019,46.0435,18.0278,47.0956,62.8013,35.1283,41.6293,31.9061,63.2851,44.9222,18.4391,8.06226,34.4384,69.1231,43.9318,25.6125,56.4004,38.1182,15.5242,20.3961,6.32456,17.0294,25.1794,33.8378,59.5063,69.6419,94.6414,98.9798,92.6553,96.7729,110.064,118.072,103.832,113.464,107.935,118.849,85.5862,76.0592,81.4923,46.6476,57.4891,113.6,83.5703,85.4459,78.2432,56.9386,108.268,108.462,111.427,112.272,83.6301,81.0247,69.6419,74.8465,85.44,70.214,99.7046,107.629,114.11,118.004,128.55,114.739,88.459,101.607,74.3303,121.017,114.547,115.209,108.167,111.221,110.436,113.741,117.068,112.414,120.104
34.9285,46.1411,75.2861,39.8121,19.9249,6.40312,0,24.3311,70.3278,40.1123,42.5441,41.1947,30,48.1664,52.4976,23,13.0384,26.0768,31.7805,49.3356,38.2099,63.0714,60.4152,57.0351,80.0625,46.3897,51.0392,23.1948,52.0096,64.6607,40.6079,40.4969,34.5398,68.0294,48.8365,12.0416,14.2127,36.4005,75,49.7293,32.0156,62.6259,42.7551,19.0263,18.3576,12.2066,13.6015,30.8058,28.6356,62.6259,70.6612,94.8683,100.18,95.0789,99.6393,112.539,119.507,105.119,114.057,108.005,119.038,84.9588,74.9667,79.3221,47.927,57.6888,116.842,85.7263,86.093,78.492,58.1808,110.368,110.386,113.53,114.56,85.235,82.8734,71.8401,76.844,87.6413,71.8679,99.1564,107.448,114.018,118.431,128.6,115.836,88.2383,102.083,73.5935,121.491,115.248,115.663,108.908,112.004,110.982,114.612,117.661,112.898,120.739
10.7703,44.0114,51.264,24.1868,11.1803,20.6155,24.3311,0,48.2701,16.0312,33.1361,18.7883,7.2111,40.7922,54.5894,36.1248,11.4018,6.32456,10.2956,25.4951,32.0624,45.2769,42.45,33.0606,62.3699,22.0907,27.6586,7.07107,28.4429,43.1393,19.4165,30.0666,12.0416,44.0454,24.5153,33.2415,21.2132,51.7397,54.1202,29.4109,24.0208,55.0818,48.7032,32.5269,19.2094,22.0227,21.9317,12.53,38.4187,38.9102,87.3212,113.172,116.017,107.331,110.309,124.391,134.529,120.673,131.366,126.59,137.295,105.119,96.0208,102,64.4438,76.4199,125.873,98.9798,103.479,96.8762,74.5185,123.471,124.036,126.59,127.012,100.125,97.0979,85.235,90.7359,100.722,86.8389,119.097,126.59,132.936,136.125,147.139,131.826,107.564,119.754,94.0213,139.054,132.28,133.304,125.877,128.845,128.425,131.21,134.952,130.484,137.906
38.1838,84.0773,17.0294,57.6975,58.6941,68.2422,70.3278,48.2701,0,38.2753,40.05,43.8292,46.7547,76.6942,96.1769,84.1724,58.8218,50.9313,38.833,24.4131,72.0694,62.1289,60.2993,33.2415,72.6911,32.6497,38.3275,53.7401,37.108,6.08276,46.9574,39.0128,36.4005,33.7343,29.0689,75.0267,69.4262,99.7046,57.0701,49.7293,65.7343,86.8332,93.4773,80.7217,55.3624,70.2922,61.0983,52.2015,67.3647,14.1421,135.104,161.227,163.248,152.82,154.693,169.284,181.207,167.738,179.067,174.668,185.267,153.388,144.201,149.566,112.432,124.652,168.6,145.207,151.347,145,122.348,169.189,170.074,172.235,172.261,147.122,143.84,131.822,137.437,146.823,134.063,167.362,174.771,181.069,183.935,195.161,178.997,155.795,167.622,142.274,186.81,179.878,181.108,173.485,176.389,176.185,178.645,182.631,178.281,185.526
7.81025,46.2385,37.2156,20.3961,22.8473,35.6931,40.1123,16.0312,38.2753,0,38.9487,7.07107,10.4403,39.8121,58.1808,47.7074,27.074,14.8661,14.8661,13.8924,34.0147,34.4819,31.7648,17.0294,50.6063,6.7082,12.083,18.0278,12.6491,34.4384,10,35.8469,12.8062,28.0179,10,49.2544,34.0147,62.8013,40,17.8885,27.4591,52.0096,55.2178,44.7772,33.6155,35.4683,37.3631,14.1421,52.3546,26.1725,97.6729,124.085,125.32,114.547,116.469,131.027,143.056,129.727,141.421,137.535,147.922,117.324,108.908,115.953,75.4321,88.2326,130.679,107.005,113.952,108.074,85.0412,130.92,131.826,133.963,133.989,109.124,105.759,93.723,99.3579,108.6,96.2081,131.015,137.906,144.045,146.386,157.877,141.014,119.202,130.177,106.532,149.201,142.144,143.558,135.772,138.622,138.6,140.801,144.959,140.73,147.801
31.7805,77.026,53.1601,56.0446,43.0465,44.0114,42.5441,33.1361,40.05,38.9487,0,45.618,38.0789,73.8241,87.1436,63.5689,36.8782,39.3192,25.2982,34.0588,65.192,73.4302,70.7107,50.2096,89.3085,39.8246,49.2037,40.05,49.0408,34.1321,47.927,3.16228,26.4008,58.6003,38.8973,41.7253,49.4773,78.3901,77.2334,56.8243,57.1402,87.8635,80.0625,59.4643,24.1868,49.0408,29.4109,44.911,28.4605,41.2311,113.177,137.295,142.667,136.624,140.52,154.003,161.914,147.58,156.579,150.336,161.419,126.823,116.387,118.87,90.3383,100.17,156.952,127.581,128.631,120.95,100.623,152.279,152.463,155.438,156.263,127.534,125.004,113.653,118.849,129.449,114.127,141.032,149.616,156.237,160.91,170.892,158.354,130.43,144.586,115.421,163.982,157.785,158.152,151.45,154.548,153.496,157.156,160.181,155.396,163.267
13.8924,40.2492,40.4599,13.9284,22.0907,36,41.1947,18.7883,43.8292,7.07107,45.618,0,11.7047,33.2415,52.3546,45.1885,28.4429,15.1327,20.8087,19.9249,28.3019,28.0179,25.2389,17.088,44.5982,11.1803,10.198,18.0278,11.4018,40.4969,3.16228,42.4853,19.2354,27.6586,14.7648,51.4198,32.7567,59.6825,35.3553,11.4018,22.6274,45.0444,50.3289,42.72,37.7359,34.5254,40.7185,11.4018,56.8595,30.8058,93.8616,120.42,120.917,109.403,110.982,125.642,138.293,125.208,137.295,133.843,144.045,114.39,106.438,114.232,72.111,85.235,124.776,102.176,110.114,104.623,81.4002,125.801,126.823,128.81,128.705,104.661,101.178,89.1403,94.7945,103.711,91.9674,127.863,134.402,140.417,142.341,154.029,136.517,115.935,126.254,103.832,145.097,137.931,139.517,131.59,134.38,134.536,136.473,140.801,136.693,143.586
8.94427,40.6079,47.4131,18.0278,12.53,25.318,30,7.2111,46.7547,10.4403,38.0789,11.7047,0,36.0555,51.923,37.8021,17.0294,4.47214,13.0384,22.6716,28.2843,38.1838,35.3553,27.074,55.2268,17.088,21.095,7.61577,22.0227,42.2019,12.2066,34.9285,13.1529,38.0526,20.1246,39.8121,23.7065,53.1507,46.9574,22.2036,20.6155,49.8197,47.4131,34.6699,26.4008,25.0799,29.0689,7,45.607,35.805,88.3912,114.63,116.516,106.677,109.124,123.471,134.618,121.037,132.322,128.082,138.6,107.415,98.7927,105.603,65.8559,78.4092,124.064,98.737,104.652,98.4937,75.6637,122.967,123.713,126.052,126.27,100.424,97.2008,85.2115,90.802,100.404,87.3212,121.211,128.316,134.536,137.208,148.519,132.28,109.481,120.917,96.5194,140.071,133.124,134.38,126.732,129.634,129.449,131.894,135.882,131.552,138.773
44.0454,9.84886,70.4557,19.4165,32.6956,41.8688,48.1664,40.7922,76.6942,39.8121,73.8241,33.2415,36.0555,0,21.2603,34.5398,41.5933,34.5254,49.0918,53.1601,10,26.5707,25.4951,45.4863,39.0128,44.2719,38.9487,34.2053,40.3113,73.6817,30.0832,70.7107,49,52.345,47.7598,60.1415,33.9706,42.0119,42.72,28.0179,17.4642,14.7648,24.7386,35.3553,56.8595,36.0694,56.4358,29.0689,74.4312,63.0714,69.4622,95.7079,93.2309,79.196,79.6492,94.4934,109.041,97.0052,110.386,108.706,117.992,93.0054,87.4757,98.326,51.6236,65.1153,92.2822,73.2462,84.9706,81.3449,58.5235,95.483,96.8762,98.3514,97.8366,77.1038,73.2393,61.5873,67.1193,74.5185,65.7647,105.109,110.023,115.412,115.663,127.945,108.231,93.0484,100.344,83.9524,118.152,110.68,112.898,104.561,107.075,107.912,108.812,113.719,110.136,116.25
60.7289,12.2066,91.214,38.5876,44.1022,47.2969,52.4976,54.5894,96.1769,58.1808,87.1436,52.3546,51.923,21.2603,0,31.3847,51.0882,49.0306,64.3273,72.0139,24.1661,47.0106,46.3249,66.2193,56.5155,63.5295,59.4054,47.5184,60.803,92.6121,49.2443,84.214,65,73.5391,67.1193,63.1585,39.6232,30.0167,63.0635,48.9183,31.3209,23.0217,11.3137,34.4384,66.3702,41,64.1327,45.2217,81.0432,83.006,49.7293,75.3923,72.111,58,58.8218,73.6003,87.7838,75.8024,89.3588,88.1419,97.1288,74.1485,70.0286,82.2192,35.5106,48.0416,72.4983,52.0096,64.622,61.8466,40.1123,74.3303,75.6637,77.2334,76.8375,56.0803,52.1536,40.7063,46.1411,53.2635,45.31,85.44,89.6939,94.8472,94.6678,107.042,87.0057,73.4983,79.6053,66.1211,97.0979,89.5879,91.9239,83.5284,85.9826,86.954,87.6584,92.6499,89.1852,95.1315
46.0109,28.6007,84.9058,36.4966,25.4951,19.6469,23,36.1248,84.1724,47.7074,63.5689,45.1885,37.8021,34.5398,31.3847,0,27.2947,33.4215,46.2277,60.4401,26.4764,57.1402,55.0364,62.2415,72.3671,54.3783,55.1543,30.4795,56.4624,79.2086,43.0813,61.0983,48.1664,72.45,57.6888,32.28,15,15.6205,72.0278,49.0306,25.1794,46.8722,20.6155,4.12311,40.025,14.7648,36.2215,34,51.3517,73.6003,51.225,77.0779,80.1561,73.0548,77.1298,90.4434,98.9798,84.9058,95.268,90.5097,101.178,69.6348,61.2944,69.2604,28.3196,40.6079,94.0479,64.0781,67.3573,60.8276,38.4187,88.7694,89.0505,91.9239,92.6984,64.4981,61.7171,50.1597,55.4617,65.9242,51.1077,83.4086,90.6091,96.8969,100.005,111.036,95.9635,71.7008,83.6301,58.8303,102.942,96.2133,97.1854,89.8109,92.8009,92.3147,95.2103,98.8585,94.3663,101.828
22.1359,42.2019,62.6259,29.2062,9.21954,9.43398,13.0384,11.4018,58.8218,27.074,36.8782,28.4429,17.0294,41.5933,51.0882,27.2947,0,13.3417,20,36.7696,31.7805,52.1536,49.3964,44.0114,69.3397,33.3766,38.1182,10.7703,39.0512,53.4135,28.1603,34.2053,22.4722,55.0091,35.9026,23.0868,12.6491,42.72,62.9682,37.6962,24.1868,56.356,43.2897,23.3238,15.5242,12.53,15,18.7883,33.0151,50.1597,78.2368,103.586,107.378,100.09,103.74,117.393,126.27,112.161,122.201,116.932,127.781,94.8472,85.4283,90.9175,55.2178,66.5282,120.075,91.2853,94.2019,87.2067,65.4599,115.953,116.297,119.101,119.775,91.7878,89.0056,77.3886,82.7345,93.1075,78.3901,108.931,116.726,123.167,126.823,137.535,123.175,97.591,110.422,83.6301,129.808,123.223,124.016,116.829,119.854,119.202,122.319,125.801,121.211,128.81
12.8062,38.1182,51.8845,18.0278,8.06226,21.095,26.0768,6.32456,50.9313,14.8661,39.3192,15.1327,4.47214,34.5254,49.0306,33.4215,13.3417,0,15.2971,27.0185,26,39.8246,37.0135,31.257,57.0088,21.5407,25,3.16228,26.0192,46.2277,14.8661,36.2215,16.1555,42.19,24.5967,36.4005,19.2354,48.8365,49.7695,24.5967,18.0278,48.7647,43.8634,30.2324,24.7588,20.6155,26.6271,6.40312,43.8634,40.2244,84.1724,110.345,112.446,102.956,105.603,119.854,130.668,117.004,128.144,123.794,134.35,103.005,94.3398,101.134,61.5549,74.027,120.814,94.8736,100.419,94.1754,71.4213,119.202,119.887,122.299,122.589,96.4002,93.2309,81.2712,86.8389,96.566,83.2406,116.825,123.988,130.231,133.004,144.257,128.226,105.119,116.692,92.0869,135.882,128.973,130.177,122.577,125.495,125.256,127.781,131.712,127.35,134.618
7.07107,53.3385,43.9318,30.8058,21.4709,29.4109,31.7805,10.2956,38.833,14.8661,25.2982,20.8087,13.0384,49.0918,64.3273,46.2277,20,15.2971,0,18.1108,41.1096,48.8262,46.0435,30.0832,65.2993,18.3848,26.6271,17.088,26.9258,33.4215,22.8254,22.1359,3,40.5216,19.4165,38.3275,31.241,61.8466,54.8179,32.2025,33.2415,62.8013,58.8727,42.5206,20.2237,31.8277,25,20.025,38.0789,31.0483,97.4526,123.167,126.246,117.618,120.54,134.659,144.803,130.92,141.496,136.561,147.323,114.769,105.423,110.788,74.5185,86.267,135.978,109.275,113.569,106.832,84.6463,133.765,134.332,136.883,137.295,110.386,107.378,95.5249,101.02,111.018,97.0824,128.818,136.473,142.864,146.219,157.137,142.056,117.388,129.835,103.586,149.164,142.436,143.402,136.033,139.014,138.539,141.4,145.086,140.584,148.054
14.7648,60.0083,25.9615,33.8378,35,46.0977,49.3356,25.4951,24.4131,13.8924,34.0588,19.9249,22.6716,53.1601,72.0139,60.4401,36.7696,27.0185,18.1108,0,47.8539,43.1741,40.7922,16.4012,57.2713,9.05539,17.4642,30,16.7631,20.6155,23.0868,31.4006,15.1327,24.6982,6.08276,56.4358,46.0435,75.8222,43.8292,28.0179,41.3401,64.4981,69.0652,57.2014,38.0132,47.1699,43.0465,27.8029,54.5711,13.4164,111.018,137.295,138.946,128.413,130.361,144.917,156.818,143.402,154.897,150.748,161.245,130,121.202,127.475,88.5268,101.045,144.506,120.801,127.287,121.165,98.3107,144.779,145.661,147.828,147.872,122.788,119.474,107.448,113.071,122.413,109.786,143.84,150.987,157.207,159.812,171.172,154.674,132.136,143.544,119.038,162.659,155.666,156.984,149.282,152.161,152.043,154.383,158.449,154.156,161.32
36.8782,12.3693,67.9412,14.8661,23.0868,31.8904,38.2099,32.0624,72.0694,34.0147,65.192,28.3019,28.2843,10,24.1661,26.4764,31.7805,26,41.1096,47.8539,0,31.0161,29.1548,43.1393,45.8912,39.4462,36.0694,25.1794,37.4833,68.4471,25.2389,62.1289,41.4367,51.614,43.0465,50.2096,24.0416,36.6742,46.5296,26.6271,8.06226,24.6982,22.8035,26.5707,47.1699,26.1725,46.5296,21.3776,64.4981,59.0762,67.7422,94.3398,93.5094,81.2158,82.6801,97.3499,110.39,97.6217,110.259,107.615,117.414,90.0777,83.5225,93.3809,47.7598,61.3514,96.6644,74.2765,83.7616,79.177,55.9017,97.6166,98.7168,100.603,100.439,77.2334,73.5935,61.6198,67.2681,75.743,65,102.859,108.559,114.28,115.421,127.413,108.931,90.7855,99.6243,80.3243,118.068,110.752,112.614,104.484,107.168,107.615,109.124,113.701,109.809,116.387
41.8808,36.4005,51.2445,23.2594,43.4166,56.8595,63.0714,45.2769,62.1289,34.4819,73.4302,28.0179,38.1838,26.5707,47.0106,57.1402,52.1536,39.8246,48.8262,43.1741,31.0161,0,2.82843,29,17.2047,34.7851,25.7099,41.6173,26.4764,61.0328,26.2488,70.3278,47.1699,31.0161,37.108,74.7061,50.5964,67.4759,16.1555,16.6433,32.7567,28.4253,51.2445,56.5685,64.4438,52.811,66.4003,33.6006,83.6301,48.0416,96.0052,122.156,119.038,103.856,103.276,118.106,134.015,122.589,136.341,135.059,144.139,119.549,113.78,124.169,77.8781,91.444,113.851,98.737,111.4,107.912,85.0706,119.854,121.511,122.577,121.696,103.078,99.1262,87.7097,93.1504,99.8649,92.1358,131.674,136.473,141.767,141.662,154.052,133.701,119.616,126.59,110.354,144.062,136.528,138.924,130.511,132.925,133.959,134.529,139.607,136.191,142.042
39.1152,35.3412,49.98,20.6155,40.7063,54.231,60.4152,42.45,60.2993,31.7648,70.7107,25.2389,35.3553,25.4951,46.3249,55.0364,49.3964,37.0135,46.0435,40.7922,29.1548,2.82843,0,27.074,20,32.28,23.3452,38.833,24.1868,59,23.4307,67.6018,44.4185,29.9666,34.7131,72.0069,48.0833,65.7647,17.4642,13.8924,30.4138,28.8444,49.98,54.3323,61.6198,50.2892,63.6003,30.8058,80.8084,46.1736,94.9368,121.202,118.431,103.586,103.238,118.089,133.686,122.066,135.68,134.183,143.388,118.271,112.294,122.483,76.4003,89.9889,114.202,98.2293,110.463,106.775,83.8153,119.67,121.264,122.43,121.631,102.396,98.4784,86.954,92.4392,99.4032,91.2414,130.545,135.518,140.89,140.982,153.323,133.222,118.474,125.782,108.931,143.422,135.912,138.232,129.85,132.306,133.255,133.963,138.975,135.484,141.45
23.7697,54.037,25,28.3196,38.833,52.345,57.0351,33.0606,33.2415,17.0294,50.2096,17.088,27.074,45.4863,66.2193,62.2415,44.0114,31.257,30.0832,16.4012,43.1393,29,27.074,0,41.4367,11.7047,7.2111,34.3657,5.83095,32.0624,19.2354,47.4236,27.313,11,11.4018,66.2722,49.7293,76.5376,27.4591,17.4929,38.833,54.0833,65.8559,59.808,50,51.4198,54.1295,28.4605,68.1542,19.105,110.209,136.825,136.62,124.085,125,139.807,153.483,140.759,153.264,150.207,160.24,131.229,123.438,131.32,88.8369,102.083,137.713,117.388,126.4,121.202,97.9081,140.464,141.676,143.402,143.056,120.341,116.726,104.738,110.39,118.828,107.935,144.586,150.904,156.822,158.382,170.238,152.069,132.608,142.436,120.768,161.075,153.808,155.567,147.513,150.233,150.572,152.227,156.732,152.751,159.452
58.258,48.0937,59.0085,40.3113,60.5392,73.7902,80.0625,62.3699,72.6911,50.6063,89.3085,44.5982,55.2268,39.0128,56.5155,72.3671,69.3397,57.0088,65.2993,57.2713,45.8912,17.2047,20,41.4367,0,49.7393,40.3113,58.8218,40.7063,72.7805,43.1393,86.267,63.4114,39.1152,51.4296,91.7878,67.2309,81.0247,16.0312,33.2415,49.0408,34.176,63.1981,72.2772,81.5659,69.4622,83.6002,50.8035,100.767,59.2284,106.231,131.552,126.625,109.772,107.898,122.413,139.943,129.692,144.087,143.962,152.315,130.614,125.897,137.179,90.2718,103.586,116.043,106.024,120.806,118.36,96.3379,125.096,127.094,127.581,126.246,111.234,107.154,96.4624,101.592,106.888,101.533,141.908,145.784,150.632,149.466,162.049,140.471,130,135.192,122.188,151.638,144.028,146.82,138.293,140.46,141.947,141.767,147.167,144.18,149.372
12.1655,51.4296,30.5287,25.0799,29.5466,42.2019,46.3897,22.0907,32.6497,6.7082,39.8246,11.1803,17.088,44.2719,63.5295,54.3783,33.3766,21.5407,18.3848,9.05539,39.4462,34.7851,32.28,11.7047,49.7393,0,9.43398,24.6982,9.21954,29.4109,14.3178,36.8782,15.6525,22.3607,3.60555,55.0364,40.7185,69.4046,37.4833,19.105,33.4215,55.4437,61.2209,51.4782,38.3275,42.1545,42.5793,20.6155,56.4624,19.8494,104.139,130.599,131.59,120.433,122.115,136.752,149.164,135.949,147.801,144.045,154.383,123.976,115.603,122.654,82.0061,94.8683,135.956,113.071,120.416,114.634,91.5478,136.825,137.801,139.846,139.786,115.365,111.946,99.905,105.551,114.634,102.533,137.637,144.461,150.572,152.794,164.347,147.248,125.801,136.62,113.208,155.589,148.492,149.967,142.13,144.959,145,147.105,151.327,147.139,154.149
19.7231,47.2017,31.8904,21.2132,32.249,46.0435,51.0392,27.6586,38.3275,12.083,49.2037,10.198,21.095,38.9487,59.4054,55.1543,38.1182,25,26.6271,17.4642,36.0694,25.7099,23.3452,7.2111,40.3113,9.43398,0,28.0179,1.41421,36.2215,12.083,46.2277,24.2074,17.4642,11.4018,60.8276,42.9535,69.3542,28.3196,11.4018,31.6228,48.5077,58.7282,52.811,45.6946,44.7214,49.3356,21.587,64.4127,24.3516,103.005,129.619,129.495,117.154,118.224,133.004,146.455,133.66,146.103,143.003,153.052,124.036,116.297,124.31,81.6333,94.8947,131.229,110.345,119.202,113.991,90.6973,133.544,134.715,136.499,136.209,113.217,109.622,97.6217,103.276,111.803,100.767,137.379,143.694,149.616,151.212,163.049,144.972,125.399,135.248,113.6,153.912,146.659,148.395,140.357,143.087,143.402,145.097,149.576,145.578,152.306
15.5563,37,55.0091,19.105,5,18.0278,23.1948,7.07107,53.7401,18.0278,40.05,18.0278,7.61577,34.2053,47.5184,30.4795,10.7703,3.16228,17.088,30,25.1794,41.6173,38.833,34.3657,58.8218,24.6982,28.0179,0,29.0689,48.9183,17.4642,37.0135,18.3576,45.2769,27.7308,33.8378,16.1245,45.9674,52.2015,26.9258,17.1172,48.7032,41.7852,27.2029,23.6008,17.4642,24.8395,8.06226,42.45,43.2666,81.3941,107.49,109.809,100.648,103.47,117.631,128.141,114.403,125.399,120.934,131.529,100,91.2688,97.9898,58.6941,71.0634,118.903,92.4392,97.6217,91.2853,68.6222,116.846,117.478,119.954,120.308,93.8136,90.6973,78.7718,84.3149,94.1541,80.604,113.851,121.083,127.35,130.231,141.421,125.603,102.176,113.899,89.0505,133.124,126.254,127.405,119.854,122.788,122.495,125.1,128.973,124.579,131.894
20.1246,48.6004,30.4795,22.6274,33.3766,47.0956,52.0096,28.4429,37.108,12.6491,49.0408,11.4018,22.0227,40.3113,60.803,56.4624,39.0512,26.0192,26.9258,16.7631,37.4833,26.4764,24.1868,5.83095,40.7063,9.21954,1.41421,29.0689,0,35.1283,13.4164,46.0977,24.4131,16.2788,10.7703,61.6604,44.1475,70.7107,28.2843,12.6491,33.0151,49.7293,60.1415,54.0833,46.2385,45.8912,50,22.8035,64.846,23.0868,104.403,131.015,130.908,118.562,119.62,134.402,147.868,135.074,147.513,144.402,154.457,125.399,117.631,125.591,83.006,96.2549,132.593,111.759,120.603,115.378,92.0869,134.952,136.125,137.906,137.612,114.63,111.036,99.0353,104.69,113.217,102.176,138.755,145.086,151.013,152.62,164.454,146.386,126.779,136.653,114.948,155.322,148.071,149.803,141.767,144.499,144.81,146.509,150.987,146.986,153.717
33.4215,80.6226,20.8087,54.4243,53.8145,62.8013,64.6607,43.1393,6.08276,34.4384,34.1321,40.4969,42.2019,73.6817,92.6121,79.2086,53.4135,46.2277,33.4215,20.6155,68.4471,61.0328,59,32.0624,72.7805,29.4109,36.2215,48.9183,35.1283,0,43.6578,33,31.1448,34.5398,25.9615,69.0797,64.3506,94.7945,57.5674,47.5184,61.7738,84.5281,89.3588,75.6637,49.3964,65.1153,55.1543,48.0208,61.2944,13.6015,130.3,156.285,158.673,148.718,150.841,165.342,176.819,163.221,174.316,169.712,180.38,148.165,138.842,143.962,107.517,119.553,165.109,140.911,146.509,140.007,117.516,165.052,165.855,168.119,168.241,142.611,139.402,127.413,133.004,142.562,129.468,162.188,169.729,176.071,179.134,190.245,174.451,150.695,162.788,137,182.036,175.171,176.309,168.772,171.703,171.406,174.003,177.89,173.485,180.812
16.1555,37.1214,43.1856,10.7703,21.0238,35.1283,40.6079,19.4165,46.9574,10,47.927,3.16228,12.2066,30.0832,49.2443,43.0813,28.1603,14.8661,22.8254,23.0868,25.2389,26.2488,23.4307,19.2354,43.1393,14.3178,12.083,17.4642,13.4164,43.6578,0,44.7772,21.5407,29.4109,17.8885,51.2445,31.257,57.3062,34.9285,10,19.8494,42.0119,47.4236,40.8044,38.6005,33.1361,41.1825,10,57.8014,33.8378,91.214,117.801,118.089,106.4,107.912,122.589,135.37,122.348,134.536,131.21,141.354,112.004,104.216,112.272,69.6419,82.8553,121.643,99.2472,107.448,102.078,78.8162,122.801,123.847,125.801,125.67,101.823,98.3107,86.2786,91.9348,100.767,89.1964,125.399,131.826,137.801,139.603,151.344,133.66,113.442,123.556,101.533,142.341,135.148,136.781,128.818,131.59,131.795,133.66,138.033,133.959,140.801
28.6356,74.0068,51.4198,52.8867,40.1123,41.6293,40.4969,30.0666,39.0128,35.8469,3.16228,42.4853,34.9285,70.7107,84.214,61.0983,34.2053,36.2215,22.1359,31.4006,62.1289,70.3278,67.6018,47.4236,86.267,36.8782,46.2277,37.0135,46.0977,33,44.7772,0,23.2594,56.0357,36.0694,40.4599,46.8402,76.0592,74.3303,53.7122,54.0833,84.7231,77.2787,57.0088,22.2036,46.4866,27.6586,41.7732,28.6356,39.2173,111.018,135.351,140.471,134.134,137.928,151.489,159.656,145.362,154.548,148.449,159.505,125.1,114.769,117.593,88.1192,98.1835,154.26,125.16,126.57,118.983,98.4124,149.857,150.083,153.013,153.792,125.24,122.654,111.234,116.469,127.016,111.826,139.313,147.801,154.402,158.928,169.027,156.186,128.6,142.58,113.701,161.988,155.724,156.16,149.375,152.463,151.476,155.048,158.152,153.395,161.227
5.38516,53.7587,41,30.2655,23.0217,31.9061,34.5398,12.0416,36.4005,12.8062,26.4008,19.2354,13.1529,49,65,48.1664,22.4722,16.1555,3,15.1327,41.4367,47.1699,44.4185,27.313,63.4114,15.6525,24.2074,18.3576,24.4131,31.1448,21.5407,23.2594,0,37.6431,16.4924,41.3038,33.2415,63.7809,52.4976,30.5287,33.7343,62.3939,60.0083,44.5533,23.1948,33.9706,28,20.0998,40.8534,28.1603,99.3579,125.208,128.004,119,121.742,135.956,146.441,132.639,143.402,138.622,149.335,117.034,107.801,113.371,76.4853,88.4138,136.956,110.788,115.521,108.904,86.5563,135.204,135.831,138.311,138.654,112.071,109,97.0979,102.626,112.508,98.813,131.046,138.6,144.959,148.165,159.176,143.809,119.553,131.795,105.891,151.093,144.309,145.344,137.906,140.869,140.464,143.224,146.986,142.524,149.937
34.5254,61.5549,20.3961,37.2156,49.6488,63.2851,68.0294,44.0454,33.7343,28.0179,58.6003,27.6586,38.0526,52.345,73.5391,72.45,55.0091,42.19,40.5216,24.6982,51.614,31.0161,29.9666,11,39.1152,22.3607,17.4642,45.2769,16.2788,34.5398,29.4109,56.0357,37.6431,0,21.1896,77.2334,60.4152,86.3308,23.3452,25,48.3011,58.6686,74.4043,70.214,60.6383,62.1691,64.9384,39.0512,78.4347,21.0238,119.269,145.89,144.941,131.529,131.894,146.755,161.276,148.923,161.818,159.201,169.027,140.89,133.417,141.676,98.4124,111.803,143.694,125.32,135.351,130.511,107.187,147.828,149.201,150.695,150.147,128.69,124.964,113.071,118.697,126.669,116.606,154.052,160.066,165.855,167.003,179.025,160.206,142.021,151.238,130.614,169.623,162.265,164.201,156.029,158.673,159.201,160.562,165.239,161.4,167.887
14.0357,55.0091,27.2947,28.6356,32.6497,44.9222,48.8365,24.5153,29.0689,10,38.8973,14.7648,20.1246,47.7598,67.1193,57.6888,35.9026,24.5967,19.4165,6.08276,43.0465,37.108,34.7131,11.4018,51.4296,3.60555,11.4018,27.7308,10.7703,25.9615,17.8885,36.0694,16.4924,21.1896,0,57.0088,43.8292,72.8011,38.4187,22,37.0135,58.6941,64.8151,54.7083,39.6232,45.1885,44.1814,24.0832,57.2451,16.2788,107.629,134.063,135.148,124.036,125.718,140.357,152.751,139.517,151.327,147.513,157.877,127.315,118.849,125.718,85.4283,98.2293,139.531,116.662,123.907,118.068,95.0158,140.428,141.4,143.45,143.391,118.929,115.521,103.479,109.124,118.229,106.075,141.014,147.899,154.029,156.311,167.836,150.814,129.201,140.121,116.503,159.113,152.03,153.483,145.664,148.499,148.519,150.655,154.858,150.655,157.686
43,57.6888,82.201,51.4782,31.305,18.4391,12.0416,33.2415,75.0267,49.2544,41.7253,51.4198,39.8121,60.1415,63.1585,32.28,23.0868,36.4005,38.3275,56.4358,50.2096,74.7061,72.0069,66.2722,91.7878,55.0364,60.8276,33.8378,61.6604,69.0797,51.2445,40.4599,41.3038,77.2334,57.0088,0,26.1725,43.0116,86.0349,60.7454,44.0454,74.5185,52.811,28.7924,19.6977,24.0832,13.9284,41.7852,20.2237,69.2315,74.6324,97.0618,104.062,101.119,106.381,118.533,123.649,109.11,116.73,109.772,120.934,85.703,75,77.1557,52.9528,60.5392,124.101,91.4112,89.1572,80.9568,62.8172,115.732,115.447,118.878,120.221,89.9889,88.0738,77.7817,82.3772,93.3809,76.9025,99.8649,108.757,115.434,120.768,130.173,119.403,89.6939,104.652,74.3303,123.891,118.106,118.072,111.893,115.039,113.596,117.784,120.304,115.382,123.438
31.4006,32.2025,71.1196,27.6586,11.1803,8.06226,14.2127,21.2132,69.4262,34.0147,49.4773,32.7567,23.7065,33.9706,39.6232,15,12.6491,19.2354,31.241,46.0435,24.0416,50.5964,48.0833,49.7293,67.2309,40.7185,42.9535,16.1245,44.1475,64.3506,31.257,46.8402,33.2415,60.4152,43.8292,26.1725,0,30.6105,63.7887,39.0512,18.3576,48.4149,31.0161,11.3137,27,2.23607,24.5153,21.3776,41.7852,59.3633,66.2193,91.9674,95.1315,87.4643,91.0934,104.752,113.877,99.8599,110.259,105.38,116.103,84.0238,75.1665,81.939,43.2782,55.2268,107.49,78.721,82.3286,75.6637,53.4135,103.368,103.755,106.513,107.154,79.404,76.5376,64.846,70.2353,80.5295,66.0379,97.949,105.38,111.723,114.978,125.936,110.941,86.3713,98.5951,73.0068,117.924,111.212,112.161,104.809,107.801,107.299,110.209,113.851,109.343,116.825
61.5224,33.3766,99.8649,49.3964,41.0122,34.4384,36.4005,51.7397,99.7046,62.8013,78.3901,59.6825,53.1507,42.0119,30.0167,15.6205,42.72,48.8365,61.8466,75.8222,36.6742,67.4759,65.7647,76.5376,81.0247,69.4046,69.3542,45.9674,70.7107,94.7945,57.3062,76.0592,63.7809,86.3308,72.8011,43.0116,30.6105,0,83.1865,62.0322,38.0789,50.9608,19.3132,19.4165,54.4243,30.2324,50,48.8262,63.1269,88.8651,35.609,61.5224,64.6607,58.6941,63.5059,76.1577,83.6481,69.4622,79.6492,74.9667,85.5862,54.7083,47.1699,56.7186,12.7279,25.5539,81.0987,49.3356,51.7397,45.3431,22.8035,74,74.0945,77.1622,78.1601,49.1935,46.6154,35.4401,40.4969,51.2445,35.7771,68.2422,75.1665,81.3941,84.386,95.462,80.455,56.4004,68.0147,44.2832,87.3212,80.604,81.5659,74.2024,77.201,76.6942,79.6304,83.2406,78.7464,86.2148
47.8017,52.5547,43,36.2215,55.0818,69.1231,75,54.1202,57.0701,40,77.2334,35.3553,46.9574,42.72,63.0635,72.0278,62.9682,49.7695,54.8179,43.8292,46.5296,16.1555,17.4642,27.4591,16.0312,37.4833,28.3196,52.2015,28.2843,57.5674,34.9285,74.3303,52.4976,23.3452,38.4187,86.0349,63.7887,83.1865,0,25.2982,47.0106,43.2782,67.3573,71.0282,73.0616,65.9242,76.0263,44.2719,92.1141,43.9659,112.161,138.293,134.97,119.403,118.444,133.207,149.616,138.438,152.315,151.169,160.178,135.665,129.757,139.904,93.8616,107.448,128.144,114.586,127.534,124.064,101.193,135.248,137.004,137.906,136.883,119.08,115.104,103.769,109.179,115.663,108.259,147.828,152.611,157.877,157.648,170.074,149.496,135.768,142.667,126.384,160.016,152.463,154.923,146.485,148.862,149.967,150.416,155.554,152.201,157.953
25.2389,36.7967,42.4382,12.6491,29.8329,43.9318,49.7293,29.4109,49.7293,17.8885,56.8243,11.4018,22.2036,28.0179,48.9183,49.0306,37.6962,24.5967,32.2025,28.0179,26.6271,16.6433,13.8924,17.4929,33.2415,19.105,11.4018,26.9258,12.6491,47.5184,10,53.7122,30.5287,25,22,60.7454,39.0512,62.0322,25.2982,0,24.0416,37.108,49.4065,47.3814,48.6004,41.1096,51.1077,18.9737,67.8012,35.7351,94.3398,120.95,119.971,106.888,107.615,122.442,136.473,123.988,136.821,134.239,144.031,116.297,109.202,118.14,73.8241,87.3212,120.221,100.449,110.386,105.679,82.365,123.24,124.523,126.151,125.734,103.711,100.005,88.0909,93.723,101.833,91.6079,129.294,135.152,140.901,142.004,154.029,135.281,117.239,126.246,106.231,144.627,137.277,139.201,131.034,133.686,134.201,135.591,140.246,136.4,142.902
29.4109,20.0998,63.0317,11.4018,15.2315,25.6125,32.0156,24.0208,65.7343,27.4591,57.1402,22.6274,20.6155,17.4642,31.3209,25.1794,24.1868,18.0278,33.2415,41.3401,8.06226,32.7567,30.4138,38.833,49.0408,33.4215,31.6228,17.1172,33.0151,61.7738,19.8494,54.0833,33.7343,48.3011,37.0135,44.0454,18.3576,38.0789,47.0106,24.0416,0,32.2025,27.8029,24.0208,39.3954,20.5913,39.1152,13.9284,57.1402,53.2635,71.4003,98.0051,98.2904,87.0919,89.0674,103.586,115.745,102.591,114.691,111.4,121.511,92.5905,85.235,94.1116,50.1199,63.5059,103.619,79.6492,87.6185,82.3772,59.0762,103.47,104.403,106.508,106.532,82.0366,78.5684,66.5282,72.1803,81.2158,69.3542,105.816,112.071,118.004,119.754,131.503,113.899,93.8136,103.711,82.3468,122.495,115.313,116.932,108.977,111.759,111.946,113.846,118.191,114.11,120.967
57.2189,18.3576,78.2943,32.1403,47.4236,56.4004,62.6259,55.0818,86.8332,52.0096,87.8635,45.0444,49.8197,14.7648,23.0217,46.8722,56.356,48.7647,62.8013,64.4981,24.6982,28.4253,28.8444,54.0833,34.176,55.4437,48.5077,48.7032,49.7293,84.5281,42.0119,84.7231,62.3939,58.6686,58.6941,74.5185,48.4149,50.9608,43.2782,37.108,32.2025,0,31.7805,48.4149,71.5891,50.448,71.1969,42.9535,89.1852,72.8011,72.3671,97.4166,92.5743,76.2758,75.1665,89.9389,106.508,95.7706,110.023,109.786,118.186,97.0155,93.0484,105.119,58.2151,71.007,85.4283,72.0069,86.6833,84.5281,63.1269,92.0054,93.8136,94.6414,93.6056,77.0779,73.0068,62.2977,67.4166,72.9452,67.4463,107.935,111.629,116.456,115.395,127.953,106.677,96.1041,101.02,89.1403,117.618,110.018,112.73,104.216,106.438,107.838,107.824,113.146,110.073,115.412
56.356,15.1327,90.5097,37.5366,37.6431,38.1182,42.7551,48.7032,93.4773,55.2178,80.0625,50.3289,47.4131,24.7386,11.3137,20.6155,43.2897,43.8634,58.8727,69.0652,22.8035,51.2445,49.98,65.8559,63.1981,61.2209,58.7282,41.7852,60.1415,89.3588,47.4236,77.2787,60.0083,74.4043,64.8151,52.811,31.0161,19.3132,67.3573,49.4065,27.8029,31.7805,0,24.0416,58.0086,32.0156,55.1453,41.3401,71.3863,81.0555,45.1774,71.6938,70.7672,59.3633,61.7414,76.0592,87.9659,74.9533,87.4586,84.9058,94.6256,68.3081,62.8013,74.027,27.074,40.4475,77.201,51.8556,61.0574,56.8595,33.8378,75.7166,76.6094,78.7718,78.8923,54.4885,50.9117,38.8973,44.5533,53.4135,42.2019,80.6226,85.9593,91.586,92.6175,104.623,86.267,68.542,76.844,59.2284,95.268,87.9659,89.8109,81.6884,84.386,84.8116,86.3713,90.9065,87.0057,93.6056
42.638,30.4138,81.9878,35.0571,22.2036,15.5242,19.0263,32.5269,80.7217,44.7772,59.4643,42.72,34.6699,35.3553,34.4384,4.12311,23.3238,30.2324,42.5206,57.2014,26.5707,56.5685,54.3323,59.808,72.2772,51.4782,52.811,27.2029,54.0833,75.6637,40.8044,57.0088,44.5533,70.214,54.7083,28.7924,11.3137,19.4165,71.0282,47.3814,24.0208,48.4149,24.0416,0,35.9026,10.8167,32.1403,31.3847,47.5184,70.4557,55,80.6598,84.0595,77.1622,81.2527,94.5569,102.956,88.8369,99.0202,94.0691,104.805,72.8011,64.1405,71.5122,32.0156,43.9318,98.1529,68.1542,71.0634,64.3506,42.2019,92.8493,93.1075,96.0052,96.7988,68.4763,65.7419,54.231,59.5063,70.0071,55.0727,86.6833,94.0691,100.409,103.711,114.63,99.8599,75.0733,87.3212,61.8547,106.668,100,100.896,93.6002,96.6075,96.0469,99.0454,102.616,98.0816,105.603
26.2488,57.7235,63.2851,42.638,24.1661,20.3961,18.3576,19.2094,55.3624,33.6155,24.1868,37.7359,26.4008,56.8595,66.3702,40.025,15.5242,24.7588,20.2237,38.0132,47.1699,64.4438,61.6198,50,81.5659,38.3275,45.6946,23.6008,46.2385,49.3964,38.6005,22.2036,23.1948,60.6383,39.6232,19.6977,27,54.4243,73.0616,48.6004,39.3954,71.5891,58.0086,35.9026,0,26.0768,5.83095,31.1448,19.2094,50.2494,89.0056,113.159,118.512,112.929,117.154,130.361,137.801,123.438,132.401,126.246,137.306,102.942,92.6984,96.0469,66.2118,76.0066,133.989,103.73,104.446,96.7988,76.4853,128.413,128.515,131.575,132.503,103.47,101.02,89.8109,94.921,105.622,90.0777,117.154,125.603,132.201,136.752,146.823,134.183,106.4,120.416,91.5478,139.818,133.6,133.989,127.264,130.361,129.321,132.97,136.004,131.229,139.086
32.45,34,72.45,29.8329,12.6491,6.32456,12.2066,22.0227,70.2922,35.4683,49.0408,34.5254,25.0799,36.0694,41,14.7648,12.53,20.6155,31.8277,47.1699,26.1725,52.811,50.2892,51.4198,69.4622,42.1545,44.7214,17.4642,45.8912,65.1153,33.1361,46.4866,33.9706,62.1691,45.1885,24.0832,2.23607,30.2324,65.9242,41.1096,20.5913,50.448,32.0156,10.8167,26.0768,0,23.1948,23.1948,40.1622,60.5392,65.8027,91.351,94.8736,87.6641,91.4822,105.005,113.741,99.6444,109.809,104.738,115.521,83.0963,74.0608,80.5295,42.8019,54.4518,108.06,78.7909,81.8352,75.0067,53.0094,103.47,103.788,106.621,107.336,79.2591,76.4788,64.8845,70.214,80.6226,65.8635,97.0824,104.652,111.036,114.477,125.32,110.675,85.5862,98.0816,72.0069,117.444,110.802,111.665,104.403,107.415,106.827,109.859,113.406,108.853,116.4
30.4138,56.3028,68.593,43.8634,24.2074,17.0294,13.6015,21.9317,61.0983,37.3631,29.4109,40.7185,29.0689,56.4358,64.1327,36.2215,15,26.6271,25,43.0465,46.5296,66.4003,63.6003,54.1295,83.6002,42.5793,49.3356,24.8395,50,55.1543,41.1825,27.6586,28,64.9384,44.1814,13.9284,24.5153,50,76.0263,51.1077,39.1152,71.1969,55.1453,32.1403,5.83095,23.1948,0,32.8024,18.0278,55.5788,84.0952,107.912,113.635,108.669,113.159,126.127,133.015,118.596,127.264,120.93,132.019,97.4526,87.1149,90.2718,61.4654,70.8308,130.25,99.3277,99.363,91.586,71.6938,123.968,123.976,127.13,128.16,98.7927,96.4624,85.44,90.4434,101.242,85.44,111.665,120.208,126.827,131.548,141.481,129.248,101.02,115.248,86.0523,134.629,128.503,128.798,122.188,125.3,124.169,127.941,130.863,126.052,133.959
15.5242,33.7343,51.0392,11.6619,11.0454,25.1794,30.8058,12.53,52.2015,14.1421,44.911,11.4018,7,29.0689,45.2217,34,18.7883,6.40312,20.025,27.8029,21.3776,33.6006,30.8058,28.4605,50.8035,20.6155,21.587,8.06226,22.8035,48.0208,10,41.7732,20.0998,39.0512,24.0832,41.7852,21.3776,48.8262,44.2719,18.9737,13.9284,42.9535,41.3401,31.3847,31.1448,23.1948,32.8024,0,50.2096,40.3113,83.5464,109.986,111.198,100.703,102.883,117.337,129.016,115.624,127.279,123.434,133.795,103.465,95.2943,102.883,61.4003,74.3303,117.546,93.0054,99.8248,94.0213,70.9366,117.047,117.89,120.108,120.221,95.0158,91.6788,79.6492,85.276,94.6256,82.0731,117.068,123.847,129.958,132.246,143.753,126.905,105.209,116.043,92.7847,135.059,128.004,129.418,121.631,124.483,124.459,126.669,130.817,126.59,133.66
44.7214,73.9256,78.2304,61.5549,42.2019,33.8378,28.6356,38.4187,67.3647,52.3546,28.4605,56.8595,45.607,74.4312,81.0432,51.3517,33.0151,43.8634,38.0789,54.5711,64.4981,83.6301,80.8084,68.1542,100.767,56.4624,64.4127,42.45,64.846,61.2944,57.8014,28.6356,40.8534,78.4347,57.2451,20.2237,41.7852,63.1269,92.1141,67.8012,57.1402,89.1852,71.3863,47.5184,19.2094,40.1622,18.0278,50.2096,0,65.3758,94.6414,116.362,123.968,121.342,126.57,138.755,143.59,129.035,136.165,128.798,139.979,104.317,93.2952,93.723,73.1642,80.3243,144.222,111.629,108.849,100.464,82.9759,135.915,135.591,139.058,140.428,110.114,108.259,98.0051,102.591,113.6,97.0824,118.338,127.534,134.239,140.036,149.003,139.176,108.674,124.085,93.0591,143.178,137.615,137.383,131.472,134.629,133.015,137.419,139.714,134.737,142.864
28.178,70.8308,13.0384,44.4185,48.2597,59.5063,62.6259,38.9102,14.1421,26.1725,41.2311,30.8058,35.805,63.0714,83.006,73.6003,50.1597,40.2244,31.0483,13.4164,59.0762,48.0416,46.1736,19.105,59.2284,19.8494,24.3516,43.2666,23.0868,13.6015,33.8378,39.2173,28.1603,21.0238,16.2788,69.2315,59.3633,88.8651,43.9659,35.7351,53.2635,72.8011,81.0555,70.4557,50.2494,60.5392,55.5788,40.3113,65.3758,0,123.843,150.233,151.427,140.207,141.739,156.426,169.009,155.795,167.586,163.686,174.092,143.22,134.529,140.89,101.533,114.202,155.235,132.91,140.121,134.183,111.198,156.605,157.61,159.615,159.505,135.207,131.795,119.754,125.399,134.466,122.348,157.003,164.015,170.182,172.557,184.043,167.093,145.245,156.349,132.31,175.368,168.297,169.729,161.929,164.77,164.77,166.931,171.12,166.901,173.954
96.9381,59.6154,134.317,82.0975,76.4853,69.6419,70.6612,87.3212,135.104,97.6729,113.177,93.8616,88.3912,69.4622,49.7293,51.225,78.2368,84.1724,97.4526,111.018,67.7422,96.0052,94.9368,110.209,106.231,104.139,103.005,81.3941,104.403,130.3,91.214,111.018,99.3579,119.269,107.629,74.6324,66.2193,35.609,112.161,94.3398,71.4003,72.3671,45.1774,55,89.0056,65.8027,84.0952,83.5464,94.6414,123.843,0,26.6271,29.5466,30.0832,37.6962,46.1736,49.0408,34.5398,44.0454,40,50.2494,25,24.5967,38.9487,23.0217,15,55.9732,20.2485,16.2788,12.1655,12.8062,42.0476,41.3038,45.0999,47,16,15.5242,13.4164,12.8062,22.1359,7.2111,35.7351,40.8167,46.6154,48.8365,60.208,45.1774,23.7697,32.5269,20.1246,51.7397,45,46.0109,38.6005,41.6173,41.1096,44.1022,47.634,43.1856,50.6063
