0,32.5576,14.5602,32.2025,32.2025,24.8395,21.0238,31.5753,17.8045,15.5563,26.4008,16.6433,26.4008,46.8722,45.3542,42.45,40.7063,22.8473,28.2312,16.4924,29.2746,39.2046,46.1736,27.7849,37.6431,19.4165,10.8167,12,24.0416,11.0454,10.4403,20.8806,12.3693,24.7386,27.2029,40.5216,35.805,56.8507,41.5933,24.0208,42.0119,40.7185,49.3964,46.0977,36.6879,39.0128,33.7343,28.1603,39.8246,6.32456,137.906,94.8472,99.7647,127.424,118.701,93.8136,96.2549,87.6584,87.9659,82.8794,77.8781,108.904,112.058,119.269,162.003,125.16,102.859,130.25,97.949,103.947,149.282,106.85,97.6729,100.499,102,125.399,105.209,137.244,107.517,121.631,127.781,86.977,83.8153,78.7909,82.9277,61.4003,96.8969,125.431,88.4816,105.19,83.4865,77.9872,84.9588,83.2406,70.7672,63.8905,73.5527,83.8153,88.0057,79.8812
32.5576,0,34.4093,20.2237,23.8537,16.4012,36.2491,36.0694,47.4236,43.2897,50.2892,23.4307,9.43398,21.1896,13,25.1794,32.6956,27.4591,47.4236,49.0306,10.4403,12.2066,23.3238,34.9857,30.1496,16.4012,23,20.8806,38.2884,43.2897,35.2278,52,39.3573,48.4149,55.5698,54.2033,15.2971,32.311,25.4951,9.43398,12.2066,12.083,18.4391,24.1868,35.805,45.2769,47.4342,41.3401,58.6686,32.311,164.104,122.442,127.44,151.093,141.993,119.553,120.934,113.172,117.346,110.422,109.786,136.821,142.706,149.883,190.234,153.052,125.252,156.311,127.318,132.201,176.581,130.969,125.252,124.579,124.964,152.398,130.832,164.657,135.248,149.807,154.311,115.209,109.713,110.725,113.6,91.7061,121.017,155.554,113.864,136.473,114.061,105.423,113.991,113.018,98.813,91.4002,102.343,109.713,118.207,105.418
14.5602,34.4093,0,25,42.72,33.541,35.3553,45.0444,15,29.1548,40.3113,11.1803,32.0156,53.1507,47.1699,51.4782,52.2015,35.3553,42.72,22.3607,26.9258,36.4005,40,14.1421,26.9258,18.0278,20.6155,16.1245,9.48683,21.2132,25,31.241,7.28011,14.1421,21.5407,55.0818,43.0116,64.0312,33.3766,25,40.1622,45.2769,52.8015,53.8238,49.4975,53.0848,48.2701,42.5793,54.1295,8.24621,130.115,88.0909,93.086,118.004,109.041,85.5862,87.3212,79.2465,83.006,76.0592,77.1298,102.45,108.688,115.832,155.862,118.697,92.6499,122.348,92.9624,97.8008,142.341,97.6166,90.9065,91.214,92.0869,118.191,96.9381,130.384,100.896,115.421,120.216,80.8022,75.6637,78.1025,79.7057,57.7754,87.6185,121.314,79.9812,102.883,80.1124,71.0634,79.6116,78.7718,64.405,57.0088,67.9559,75.6637,84.0773,71.4493
32.2025,20.2237,25,0,41.2311,31.6228,46.0977,50.5371,40,47.1699,57.0088,15.8114,25.4951,41.2311,29.1548,45,50.9902,40.3113,56.5685,46.0977,10,14.1421,15,18.0278,10,14.1421,28.2843,22.0227,23.7697,42.72,40,52.9245,32.0624,36.4005,45.7056,66.4003,35,52.2015,9.43398,15.8114,18.3848,32.0156,36.2353,44.4072,52.2015,59.9416,59.203,52.8015,68.593,28.1603,148.678,108.559,113.534,134.35,125.16,104.403,105.119,98.0051,105.19,96.7471,101.607,122.967,131.674,138.716,176.119,138.975,108.208,140.869,114.965,118.701,161.821,114.691,111.306,108.374,108.19,137.637,115.421,150.083,121.264,136.004,139.201,102,94.8683,102.591,103.092,81.3204,104.89,143.673,98.6002,126.531,103.407,91.7878,101.553,101.39,85.8662,78.2624,89.9611,94.8683,106.977,90.4434
32.2025,23.8537,42.72,41.2311,0,10,20.6155,13.9284,50,33.541,35.3553,35.3553,15.8114,20,29.1548,11.1803,10,11.1803,30,46.0977,31.6228,36.0555,47.1699,50.2494,50.9902,30,22.3607,26.9258,50.448,39.0512,27.2029,43.8292,43.909,55.9017,59.4054,32.6956,11.1803,26.9258,48.4665,25.4951,35.4683,20.1246,28.1603,16.4924,12.0416,22.2036,26.9258,22.0907,39.0512,36.2353,170.074,126.905,131.795,159.531,150.748,126.016,128.413,119.854,119.52,114.978,107.07,140.858,142.611,149.807,193.747,157.08,134.718,162.432,129.449,135.831,181.29,138.975,129.727,132.608,133.959,157.493,137.412,169.248,139.517,153.483,159.928,118.929,116.017,107.912,113.701,92.6984,129.004,156.339,120.673,135.093,114.337,110.114,116.675,114.63,102.825,96.0469,105.418,116.017,119.097,112.071
24.8395,16.4012,33.541,31.6228,10,0,20.6155,19.8494,42.4264,30.4138,35.3553,25.4951,7.07107,22.3607,25.4951,18.0278,20,11.1803,31.6228,40.3113,22.3607,28.2843,39.0512,40.3113,41.2311,20,14.1421,17.4642,40.8044,33.541,22.8035,40.2616,35.609,47.1699,51.6624,37.8021,11.1803,32.0156,39.3573,15.8114,28.6007,18.0278,27.074,21.2603,20.6155,29.2062,31.0644,25.0599,42.4853,27.8029,162.373,119.52,124.459,151.162,142.285,118.068,120.208,111.826,112.805,107.517,102,133.645,136.741,143.951,186.81,149.913,126.052,154.674,122.788,128.725,173.971,130.668,122.348,124.278,125.399,150.013,129.468,161.941,132.231,146.414,152.306,111.732,108.074,102.883,107.648,86.2148,120.673,150.207,112.614,129.653,108.227,102.591,109.786,108.074,95.462,88.459,98.3514,108.074,112.801,104.019
21.0238,36.2491,35.3553,46.0977,20.6155,20.6155,0,12.2066,36.4005,14.1421,15,33.541,26.9258,40.3113,46.0977,31.6228,25,10,11.1803,29.1548,39.0512,47.1699,57.0088,47.4342,54.0833,32.0156,18.0278,24.6982,44.7214,22.3607,11.1803,24.2074,33.0606,45.2769,45.5412,20.5913,30,47.4342,55.1725,32.0156,48.3011,38.2099,47.0956,37.108,18.4391,18.1108,13.4164,7.28011,22.8035,27.1662,154.208,110.68,115.434,145.344,136.894,111.018,114.039,105.119,102.176,99.0202,87.8009,124.201,123.988,131.137,176.389,140.246,121.631,146.728,111.946,119.017,164.624,124.776,113.464,118.533,120.54,141.241,122.299,152.611,123.004,136.499,143.951,102.416,101.119,88.6002,95.462,75.2861,114.965,137.975,106.005,116.039,96.1665,94.3398,99.6393,97.0824,86.8217,80.6226,88.8144,101.119,101.139,97.4936
31.5753,36.0694,45.0444,50.5371,13.9284,19.8494,12.2066,0,48.1041,26.2488,24.1661,40.7922,26.9072,33.3766,42.9418,23,13.9284,10.4403,17.72,41.3401,41.8808,48.1041,58.8982,55.5788,59.6154,37.3363,25.1794,31.5753,54.0093,34.4819,22.8473,36.0694,43.9318,56.2939,57.3847,18.7883,25.0799,38.3275,58.8303,34.9857,48.1664,34.0147,42.0595,29.0172,6.40312,9.43398,13.1529,9.48683,25.318,37.2156,166.412,122.886,127.64,157.429,148.933,123.167,126.127,117.239,114.337,111.221,99.4887,136.4,135.882,143.01,188.521,152.434,133.54,158.928,124.085,131.21,176.816,136.85,125.67,130.587,132.503,153.447,134.462,164.806,135.207,148.678,156.157,114.621,113.252,100.265,107.49,87.4586,127.012,149.933,118.119,127.781,108.208,106.532,111.826,109.225,99.0202,92.7847,101.02,113.252,113.217,109.59
17.8045,47.4236,15,40,50,42.4264,36.4005,48.1041,0,25,35.3553,25.4951,43.0116,64.0312,60.4152,60.208,58.3095,40.3113,40,11.1803,41.2311,50.9902,55,26.9258,41.2311,31.6228,28.2843,26.9258,20.1246,15,25.2982,21.9317,8.24621,11.1803,9.43398,53,53.1507,74.3303,48.2597,38.0789,54.5711,57.1402,65.3682,63.6553,53.7122,54.3415,47.1699,42.7551,49.6488,15.2643,120.104,77.1038,82.0366,109.772,101.119,76.0263,78.5493,69.8928,70.6045,65.1153,62.6418,91.2195,95.3834,102.577,144.423,107.49,85.4927,112.446,80.604,86.3134,131.552,89.1852,79.9312,82.8553,84.5281,107.629,87.4185,119.52,89.8053,104.005,109.986,69.3109,66.0303,63.6003,66.242,44.4185,79.2591,108.453,70.7248,89.0505,66.7308,60.208,67.4759,66.0303,53.0377,46.0977,55.9732,66.0303,71.0211,62.1289
15.5563,43.2897,29.1548,47.1699,33.541,30.4138,14.1421,26.2488,25,0,11.1803,32.0156,35,52.2015,55,44.7214,39.0512,22.3607,15,15.8114,42.72,52.2015,60.4152,43.0116,53.1507,33.541,20.6155,25.4951,38.4708,10,8.06226,10.2956,24.3516,35.3553,33.3766,28,41.2311,60.4152,56.6039,36.4005,54.3415,48.3735,57.4282,49.7695,32.5576,30.4631,22.3607,18.7883,25.2982,21.4009,140.357,96.7988,101.514,132.004,123.693,97.4936,100.722,91.7061,88.0909,85.235,73.8173,110.209,109.877,117.034,162.274,126.21,108.784,132.925,97.8366,105,150.602,111.485,99.5691,105.309,107.564,127.315,108.706,138.6,109.041,122.442,130.085,88.4816,87.6641,74.6324,81.3204,61.2209,101.769,123.843,92.6121,102.005,82.0244,80.6226,85.6037,82.9759,73.0616,67.082,74.8866,87.6641,87,84.1724
26.4008,50.2892,40.3113,57.0088,35.3553,35.3553,15,24.1661,35.3553,11.1803,0,42.4264,41.2311,55.2268,60.8276,46.0977,38.0789,25,7.07107,25,51.4782,60.4152,69.4622,54.0833,63.6396,43.0116,29.1548,35,49.6488,20.6155,17.0294,15.5242,35.4683,46.0977,43,18.6815,45,61.8466,66.4003,44.7214,62.0322,53.1507,62.0725,51.788,30.4138,24.7588,15,14.7648,14.3178,32.45,146.373,102.883,107.424,139.284,131.244,104.547,108.167,99.0202,93.1933,91.7061,76.3806,115.763,113.172,120.216,166.817,131.469,116.914,139.119,102.65,110.454,155.872,118.929,105.589,112.894,115.521,133.094,115.551,143.962,114.739,127.581,136.077,94.414,94.921,77.1038,85.4283,66.7308,109.417,127.405,99.96,104.69,86.2148,87.3212,91.0659,87.9204,79.7057,74.3303,80.9506,94.921,91.4002,91.7061
16.6433,23.4307,11.1803,15.8114,35.3553,25.4951,33.541,40.7922,25.4951,32.0156,42.4264,0,22.3607,43.0116,36.0555,42.72,45.2769,30.4138,43.0116,30.4138,15.8114,25.4951,30.4138,15,21.2132,7.07107,15.8114,9.21954,15.6525,26.9258,25.4951,37.1618,17.2627,25,32.6956,54.1202,33.541,54.0833,25.0799,14.1421,29.1204,34.7131,41.8688,44.2945,44.1022,49.7293,46.9574,40.7185,55,12.3693,140.73,99.0202,104.019,128.062,119.017,96.1769,97.6729,89.8053,94.1541,87.0057,88.0568,113.406,119.867,127.012,166.817,129.63,102.416,132.944,104.101,108.812,153.154,107.815,101.828,101.415,102.005,128.973,107.48,141.227,111.826,126.4,130.908,91.8368,86.3134,89.0225,90.8735,68.942,97.8366,132.484,90.5097,114.018,91.2853,82.0061,90.7359,89.9444,75.452,68.0074,79.0759,86.3134,95.2575,82.0366
26.4008,9.43398,32.0156,25.4951,15.8114,7.07107,26.9258,26.9072,43.0116,35,41.2311,22.3607,0,21.2132,20,20.6155,25.4951,18.0278,38.0789,42.72,15.8114,21.2132,32.0156,36.4005,35.3553,15.8114,15.8114,16.2788,38.0132,36.4005,27.0185,44.2832,35.4683,46.0977,51.8556,44.8219,11.1803,32.0156,32.6956,10,21.6333,14.3178,23.0868,21.9545,27.2947,36.2353,38.0132,31.9061,49.2443,27.8029,162.003,119.604,124.579,150,141.014,117.516,119.331,111.198,113.6,107.564,104.278,133.869,138.232,145.437,187.211,150.147,124.535,154.253,123.6,129.074,174,129.63,122.43,123.227,124.036,149.913,128.888,162.003,132.382,146.755,152.043,112.045,107.564,105.19,109.078,87.367,119.633,151.433,111.946,131.529,109.604,102.591,110.422,109.041,95.6713,88.459,98.8585,107.564,113.991,103.392
46.8722,21.1896,53.1507,41.2311,20,22.3607,40.3113,33.3766,64.0312,52.2015,55.2268,43.0116,21.2132,0,15.8114,11.1803,22.3607,30.4138,50,62.6498,31.6228,30,40.3113,55.9017,50.9902,36.0555,36.0555,37.4833,58.5235,55.9017,44.9444,62.2977,56.6392,67.2681,73,51.6624,11.1803,11.1803,45.0444,29.1548,27.1662,9.21954,10.6301,5.65685,29.4109,40.1622,46.5296,42.0476,58.6941,48.9183,183.208,140.801,145.774,171.026,162.003,138.708,140.464,132.382,134.629,128.763,124.354,155.052,158.928,166.138,208.37,171.33,145.427,175.454,144.627,150.233,195.208,150.712,143.628,144.309,145,171.126,150.073,183.208,153.574,167.92,173.254,133.207,128.763,125.24,129.8,108.227,140.72,172.285,133.124,151.954,130.357,123.794,131.503,130,116.846,109.659,119.971,128.763,134.848,124.579
45.3542,13,47.1699,29.1548,29.1548,25.4951,46.0977,42.9418,60.4152,55,60.8276,36.0555,20,15.8114,0,25,35.3553,36.4005,57.0088,61.8466,21.2132,15.8114,25,46.0977,38.0789,29.1548,35.3553,33.8378,50.2494,55.9017,47.0106,64.195,52.3259,61.0328,68.4763,61.7171,18.0278,25,30.8058,22.3607,12.1655,9.21954,7.28011,21.0238,40.8044,51.3128,55.5428,49.98,67.4166,45.31,176.309,135,140,162.788,153.639,131.795,132.966,125.399,130.173,123.004,122.776,149.402,155.653,162.825,202.8,165.602,136.781,168.505,140.132,144.845,188.987,142.843,137.801,136.473,136.62,164.785,143.01,177.102,147.801,162.41,166.604,127.883,122.025,123.713,126.562,104.657,132.936,168.44,126.063,149.466,127.016,118.004,126.779,125.897,111.503,104.043,115.122,122.025,131.126,117.686
42.45,25.1794,51.4782,45,11.1803,18.0278,31.6228,23,60.208,44.7214,46.0977,42.72,20.6155,11.1803,25,0,11.1803,22.3607,40.3113,57.0088,35,36.4005,47.4342,57.0088,55,36.4005,32.0156,35.3553,58.3095,50,38.2753,55.0091,53.6004,65.192,69.527,40.7922,10,15.8114,50.636,30.4138,34.5398,16.1245,21.4009,6.08276,18.4391,29.1204,36.0555,32.1403,48.1664,45.8039,180.278,137.295,142.215,169.189,160.312,136.033,138.221,129.808,130.231,125.32,118.191,151.347,153.6,160.801,204.384,167.598,144.062,172.595,140.186,146.373,191.732,148.691,140.121,142.302,143.422,167.836,147.435,179.694,149.967,164.049,170.182,129.418,126.036,119.038,124.631,103.479,138.698,167.263,130.602,146.168,125.252,120.416,127.311,125.399,113.217,106.301,115.966,126.036,129.958,122.004
40.7063,32.6956,52.2015,50.9902,10,20,25,13.9284,58.3095,39.0512,38.0789,45.2769,25.4951,22.3607,35.3553,11.1803,0,18.0278,31.6228,53.1507,41.2311,44.7214,55.9017,60.208,60.8276,40,31.6228,36.6742,60.208,46.0977,34.0588,49.2037,52.8015,65,67.7422,30.1496,18.0278,25,57.8705,35.3553,43.566,26.1725,32.45,17.088,8.06226,18.2483,26.1725,23.4094,38.0132,45.31,178.003,134.629,139.463,168.077,159.389,134.239,136.858,128.16,126.669,122.801,112.801,148.395,148.923,156.083,200.943,164.542,143.558,170.423,136.517,143.283,188.854,147.492,137.437,141.156,142.706,165.239,145.609,176.819,147.122,160.863,167.8,126.507,124.258,113.6,120.283,99.7647,137.557,162.856,129.004,141.032,120.967,118.004,123.988,121.655,110.603,104.043,112.929,124.258,125.873,120.416
22.8473,27.4591,35.3553,40.3113,11.1803,11.1803,10,10.4403,40.3113,22.3607,25,30.4138,18.0278,30.4138,36.4005,22.3607,18.0278,0,20.6155,35.3553,32.0156,39.0512,49.4975,45.2769,49.2443,26.9258,15,21.2132,44.0454,28.2843,16.2788,32.6497,35.1141,47.4342,49.7393,26.9072,20,38.0789,48.8262,25,39.6611,28.2843,37.1214,27.5136,14.1421,19.6977,20,13.8924,31.305,27.8927,160,116.662,121.511,150.083,141.421,116.211,118.849,110.136,108.904,104.809,95.9635,130.484,131.655,138.842,183.175,146.659,125.674,152.411,118.794,125.399,170.942,129.495,119.474,123.167,124.78,147.272,127.581,158.902,129.19,143.01,149.807,108.577,106.231,96.7988,102.825,82.0244,119.57,145.454,110.982,124.036,103.479,100,106.151,103.947,92.6175,86.0233,95.0158,106.231,108.301,102.396
28.2312,47.4236,42.72,56.5685,30,31.6228,11.1803,17.72,40,15,7.07107,43.0116,38.0789,50,57.0088,40.3113,31.6228,20.6155,0,30.4138,50,58.3095,68.0074,55.9017,64.0312,42.4264,28.2843,34.7131,52.2015,25,17.8885,21.9317,38.833,50.2494,48.2597,13,40.3113,55.9017,65.7951,43.0116,59.4811,48.8365,57.5587,46.1736,23.7697,17.6918,8.06226,8.24621,12.0416,34.5398,153.183,109.659,114.237,145.774,137.641,111.086,114.586,105.475,100.125,98.387,83.4506,122.642,120.241,127.287,173.833,138.398,123.081,145.89,109.622,117.346,162.807,125.355,112.379,119.269,121.758,139.943,122.156,150.881,121.594,134.525,142.888,101.213,101.39,84.1724,92.4554,73.5731,115.767,134.469,106.405,111.759,93.2363,93.9415,97.9439,94.8683,86.3308,80.7775,87.7097,101.39,98.4073,98.0816
16.4924,49.0306,22.3607,46.0977,46.0977,40.3113,29.1548,41.3401,11.1803,15.8114,25,30.4138,42.72,62.6498,61.8466,57.0088,53.1507,35.3553,30.4138,0,45,55,60.8276,36.0555,49.2443,35,26.9258,28.2843,29.8329,7.07107,19.105,10.7703,15.2643,22.3607,18,43.2897,51.4782,72.111,55.0818,40.3113,58.0775,57.0088,65.7875,61.2944,47.4342,46.2385,38.0789,34.5398,39.1152,18.1108,125.1,81.6088,86.4002,116.297,107.935,81.8841,85,76.0263,73.5527,69.8928,61.7171,95.268,96.6075,103.812,147.828,111.396,92.9731,117.597,83.4386,90.1388,135.724,95.7549,84.4038,89.5545,91.7606,112.201,93.1504,123.693,94.0213,107.713,114.856,73.4098,72.0069,62.6099,67.624,46.669,86.0058,110.259,76.922,89.3588,68.2495,65.192,70.8378,68.593,57.6888,51.4782,59.8164,72.0069,73,68.4471
29.2746,10.4403,26.9258,10,31.6228,22.3607,39.0512,41.8808,41.2311,42.72,51.4782,15.8114,15.8114,31.6228,21.2132,35,41.2311,32.0156,50,45,0,10,18.0278,25,20,10,22.3607,17.4642,29.0689,40.3113,34.9285,50.01,32.9848,40.3113,48.4665,58.7282,25,42.72,17,7.07107,13.3417,22.4722,27.8029,34.5254,42.9535,51.3128,51.6236,45.2548,61.8466,27.074,155.129,114.039,119.038,141.598,132.458,110.635,111.759,104.235,109.659,102.078,103.846,128.456,135.565,142.695,181.819,144.617,115.624,147.323,119.57,123.976,167.887,121.631,116.829,115.261,115.434,143.68,121.828,156.029,126.827,141.481,145.454,107.07,100.896,104.809,106.621,84.6936,111.723,148.061,104.89,129.808,107.019,97.0824,106.174,105.546,90.7359,83.2166,94.5145,100.896,110.923,96.5401
39.2046,12.2066,36.4005,14.1421,36.0555,28.2843,47.1699,48.1041,50.9902,52.2015,60.4152,25.4951,21.2132,30,15.8114,36.4005,44.7214,39.0512,58.3095,55,10,0,11.1803,32.0156,22.3607,20,31.6228,27.2947,37.2156,50.2494,44.2719,59.8415,42.7551,49.2443,57.8705,65.9469,26.9258,40.3113,15.1327,15.8114,4.24264,21.095,23.0868,34.2345,48.0104,57.3847,59.0339,52.8015,69.8928,37.054,162.742,122.332,127.318,148.492,139.302,118.406,119.206,112.004,118.512,110.454,113.508,136.752,144.7,151.796,189.995,152.82,122.348,154.932,128.363,132.401,175.801,128.818,125.096,122.495,122.332,151.605,129.468,164.027,135.074,149.79,153.222,115.603,108.812,114.477,115.879,93.984,119.004,156.978,112.614,139.176,116.245,105.475,114.948,114.543,99.363,91.7878,103.31,108.812,120.017,104.403
46.1736,23.3238,40,15,47.1699,39.0512,57.0088,58.8982,55,60.4152,69.4622,30.4138,32.0156,40.3113,25,47.4342,55.9017,49.4975,68.0074,60.8276,18.0278,11.1803,0,31.6228,18.0278,26.9258,40.3113,34.9285,38.0789,57.0088,52.7731,67.0522,47.0425,50.9902,60.531,76.3806,38.0789,50,8.60233,25,13.1529,31.7805,32.0624,44.911,59.0762,68.2495,69.3542,63.0317,79.8123,42.7551,160.655,121.655,126.59,145.344,136.125,116.812,117.068,110.454,119.038,110.023,116.4,136,145.784,152.765,188.82,151.819,119.097,152.869,128.693,131.928,174.187,126.21,124.354,120,119.331,150.097,127.581,162.604,134.239,149.003,151.433,115.451,107.541,117.388,117.444,95.8019,116.606,157.471,110.982,140.943,117.72,105.119,115.317,115.434,99.5389,91.9239,103.817,107.541,121.116,103.078
27.7849,34.9857,14.1421,18.0278,50.2494,40.3113,47.4342,55.5788,26.9258,43.0116,54.0833,15,36.4005,55.9017,46.0977,57.0088,60.208,45.2769,55.9017,36.0555,25,32.0156,31.6228,0,15,20.6155,30.4138,24.0832,7.07107,35.3553,38.0132,45.3431,20.8087,20,30.0666,67.7791,47.4342,67.082,23.5372,26.9258,36.2353,47.0106,52.8015,57.9396,59.0762,64.3273,60.7454,54.7083,67.6018,21.6333,130.729,90.5539,95.5249,116.726,107.564,86.4002,87.2067,80,87.4643,78.7718,85.3756,104.957,114.162,121.149,158.092,120.95,90.6863,122.919,97.17,100.722,143.809,96.8969,93.2952,90.5539,90.5539,119.62,97.4526,132.061,103.247,117.992,121.211,84.0773,76.844,86.3713,85.8662,64.3273,87.046,125.925,80.604,109.385,86.1278,73.8241,83.7735,83.8153,68.0294,60.4152,72.2357,76.844,89.493,72.4224
37.6431,30.1496,26.9258,10,50.9902,41.2311,54.0833,59.6154,41.2311,53.1507,63.6396,21.2132,35.3553,50.9902,38.0789,55,60.8276,49.2443,64.0312,49.2443,20,22.3607,18.0278,15,0,22.3607,36.0555,29.4109,22.0227,47.1699,46.6905,57.4543,34.176,35,45.0444,74.6257,45,61.8466,9.43398,25.4951,26.4197,41.7732,45.31,54.3323,61.6847,68.942,67.4166,61.0574,76.0592,32.45,142.636,103.755,108.674,127.475,118.258,98.7927,99.0454,92.4392,101.514,92.1954,100.319,118.072,128.445,135.359,170.816,133.843,101.237,134.848,111.072,114.061,156.16,108.231,106.438,102.005,101.415,132.076,109.554,144.586,116.297,131.061,133.405,97.6934,89.5545,101.316,100.439,79.0759,98.6002,139.864,92.9624,123.976,100.663,87.3212,97.7394,98.0816,81.9329,74.3303,86.3308,89.5545,103.846,85.0882
19.4165,16.4012,18.0278,14.1421,30,20,32.0156,37.3363,31.6228,33.541,43.0116,7.07107,15.8114,36.0555,29.1548,36.4005,40,26.9258,42.4264,35,10,20,26.9258,20.6155,22.3607,0,14.1421,8.06226,22.4722,30.4138,26.0768,40.2616,23.4094,32.0156,39.3573,52.4309,26.9258,47.1699,23.4307,7.07107,23.1948,27.6586,34.8281,37.5766,39.8121,46.6154,45.2217,38.833,54.4518,17.1172,147.801,106.042,111.041,135.093,126.036,103.247,104.738,96.8762,101.02,94.0213,94.255,120.42,126.562,133.724,173.833,136.653,109.403,140.014,110.982,115.802,160.206,114.865,108.853,108.467,109.018,136.029,114.551,148.273,118.849,133.405,137.975,98.813,93.3809,95.2103,97.509,75.5844,104.89,139.291,97.5807,120.54,97.9439,89.0225,97.6371,96.7471,82.4197,75,85.9826,93.3809,102,89.1067
10.8167,23,20.6155,28.2843,22.3607,14.1421,18.0278,25.1794,28.2843,20.6155,29.1548,15.8114,15.8114,36.0555,35.3553,32.0156,31.6228,15,28.2843,26.9258,22.3607,31.6228,40.3113,30.4138,36.0555,14.1421,0,6.7082,29.0689,20.6155,12.6491,29,21.6333,33.541,37.5366,38.5876,25,46.0977,37.5366,15.8114,33.7343,30.0832,38.8973,35.3836,29.0689,33.9559,31.3847,25.0599,40.3113,13.8924,148.273,105.38,110.318,137.295,128.472,104.019,106.254,97.8008,98.7168,93.3809,88.5664,119.503,122.874,130.085,172.679,135.772,112.379,140.584,108.706,114.586,159.831,116.765,108.208,110.386,111.647,135.882,115.421,147.801,118.089,132.276,138.192,97.591,94.0213,89.4707,93.7443,72.2011,106.78,136.242,98.6002,115.974,94.3027,88.459,95.6713,94.0213,81.3204,74.3303,84.22,94.0213,98.813,90
12,20.8806,16.1245,22.0227,26.9258,17.4642,24.6982,31.5753,26.9258,25.4951,35,9.21954,16.2788,37.4833,33.8378,35.3553,36.6742,21.2132,34.7131,28.2843,17.4642,27.2947,34.9285,24.0832,29.4109,8.06226,6.7082,0,23.5372,23.0217,18.0278,32.5576,19.2094,30,35.609,45.2769,27.0185,48.1664,31.4006,12.0416,30.0167,30.2324,38.4708,37.8021,35.0143,40.5216,38.0789,31.7648,46.7547,11.6619,145.774,103.325,108.301,134.034,125.1,101.316,103.233,95.0158,97.4166,91.2853,88.955,117.593,122.299,129.495,170.942,133.869,108.757,138.033,107.415,112.805,157.724,113.6,106.151,107.201,108.167,133.645,112.699,145.726,116.103,130.484,135.794,95.7758,91.351,89.8888,93.1504,71.3442,103.6,135.37,95.7758,115.832,93.6483,86.3134,94.2019,92.9139,79.3977,72.1803,82.6196,91.351,97.9439,87.2067
24.0416,38.2884,9.48683,23.7697,50.448,40.8044,44.7214,54.0093,20.1246,38.4708,49.6488,15.6525,38.0132,58.5235,50.2494,58.3095,60.208,44.0454,52.2015,29.8329,29.0689,37.2156,38.0789,7.07107,22.0227,22.4722,29.0689,23.5372,0,30,34.4819,39.6232,14.8661,13.0384,23.0217,64.56,49.1935,69.6419,30.2655,29.4109,41.3401,50,56.5862,59.9416,58.1378,62.2896,57.7235,51.9711,63.561,17.72,126.063,85.1469,90.1388,112.805,103.711,81.5659,82.7345,75.1665,81.4371,73.2462,78.5175,99.5691,107.912,114.948,152.869,115.676,87.0057,118.258,91.236,95.1893,138.842,92.6984,87.9204,86.3134,86.6833,114.634,92.7631,127.004,97.9081,112.606,116.387,78.3901,71.8401,79.511,79.404,57.7235,82.7587,119.921,75.8222,102.883,79.6994,68.2642,77.8203,77.6209,62.1772,54.5894,66.2118,71.8401,83.2166,67.4759
11.0454,43.2897,21.2132,42.72,39.0512,33.541,22.3607,34.4819,15,10,20.6155,26.9258,36.4005,55.9017,55.9017,50,46.0977,28.2843,25,7.07107,40.3113,50.2494,57.0088,35.3553,47.1699,30.4138,20.6155,23.0217,30,0,12.0416,10.2956,15.2643,25.4951,23.5372,38,44.7214,65.192,52,35,53.0377,50.5964,59.4811,54.3783,40.4969,39.8497,32.249,28.1603,34.9285,14.7648,132.061,88.6002,93.4077,122.984,114.543,88.6848,91.6788,82.7647,80.6226,76.844,68.4763,102.303,103.6,110.802,154.897,118.444,99.368,124.535,90.5097,97.1854,142.762,102.416,91.4002,96.1769,98.2344,119.202,99.985,130.729,101.045,114.769,121.828,80.4301,78.7718,69.3542,74.6525,53.7401,92.6121,117.29,83.6481,96.2549,75.2861,72.111,77.8974,75.6637,64.6375,58.3095,66.8431,78.7718,80.0562,75.1332
10.4403,35.2278,25,40,27.2029,22.8035,11.1803,22.8473,25.2982,8.06226,17.0294,25.4951,27.0185,44.9444,47.0106,38.2753,34.0588,16.2788,17.8885,19.105,34.9285,44.2719,52.7731,38.0132,46.6905,26.0768,12.6491,18.0278,34.4819,12.0416,0,17.4642,22,34.1321,34.5398,30.0832,33.8378,53.7122,49.4065,28.4605,46.3249,40.6079,49.6488,42.9418,28.6531,29.2746,23.3452,18,29.6816,16.7631,144.031,100.603,105.423,134.648,126.115,100.499,103.354,94.5145,92.6553,88.8144,79.925,114.337,115.421,122.613,166.931,130.484,110.693,136.484,102.533,109.225,154.797,114.061,103.407,107.782,109.659,131.21,111.83,142.762,113.071,126.811,133.81,92.4554,90.5539,80.7775,86.5563,65.7647,104.202,129.19,95.3834,107.898,87.2067,84.0536,89.9389,87.6812,76.6094,70.1783,78.8733,90.5539,92.0217,86.8332
20.8806,52,31.241,52.9245,43.8292,40.2616,24.2074,36.0694,21.9317,10.2956,15.5242,37.1618,44.2832,62.2977,64.195,55.0091,49.2037,32.6497,21.9317,10.7703,50.01,59.8415,67.0522,45.3431,57.4543,40.2616,29,32.5576,39.6232,10.2956,17.4642,0,24.7588,33.1059,28.2843,34.2053,51.2445,70.6824,62.2415,44.2832,62.3939,58.0517,67.082,60.0083,42.45,39.1152,29.9666,27.8029,29.0172,25.0599,131.37,87.818,92.4392,123.859,115.767,89.1572,92.6984,83.5703,78.6003,76.4788,63.6003,100.955,99.8248,106.963,152.62,116.829,101.39,124.036,88.2383,95.6922,141.241,103.465,90.5539,97.4064,100,118.191,100.225,129.275,99.8599,113.004,121.078,79.404,79.4796,64.405,71.4493,51.8652,93.9202,113.864,84.5044,91.8314,72.1803,72.0139,76.2758,73.4098,64.405,58.8727,65.8635,79.4796,77.2334,76.2168
12.3693,39.3573,7.28011,32.0624,43.909,35.609,33.0606,43.9318,8.24621,24.3516,35.4683,17.2627,35.4683,56.6392,52.3259,53.6004,52.8015,35.1141,38.833,15.2643,32.9848,42.7551,47.0425,20.8087,34.176,23.4094,21.6333,19.2094,14.8661,15.2643,22,24.7588,0,12.3693,16.4012,51.6236,45.9674,67.1789,40.6079,29.9666,46.3249,49.4065,57.4543,56.6392,49.0408,51.1566,45.1774,40,49.6488,7.81025,126.811,84.1724,89.1403,115.663,106.85,82.4621,84.6286,76.2168,78.2368,72.1388,70.8802,98.4124,103.354,110.535,151.743,114.691,90.824,119.097,88.2326,93.6056,138.6,95.1315,87,88.7525,90.05,114.56,93.8616,126.59,96.9381,111.288,116.778,76.5768,72.4707,71.8401,74.2428,52.3546,85.1469,116.284,77.0065,97.17,74.7061,67.1789,75,73.7835,60.208,53.0377,63.4114,72.4707,78.8923,68.4105
24.7386,48.4149,14.1421,36.4005,55.9017,47.1699,45.2769,56.2939,11.1803,35.3553,46.0977,25,46.0977,67.2681,61.0328,65.192,65,47.4342,50.2494,22.3607,40.3113,49.2443,50.9902,20,35,32.0156,33.541,30,13.0384,25.4951,34.1321,33.1059,12.3693,0,10.198,63.1981,57.0088,78.1025,43.2897,39.0512,53.2259,59.4138,66.8431,67.8012,61.4003,63.3877,57.0088,52.0865,60.4152,19.6977,115.974,74.027,79.0253,104.043,95.1315,71.4493,73.2462,65.1153,69.3542,62.0081,65.4905,88.4081,95.462,102.552,141.82,104.637,78.8923,108.208,79.2591,83.8153,128.222,83.6002,76.8375,77.201,78.2304,104.062,82.807,116.276,86.8332,101.4,106.075,66.8506,61.5224,66.4831,66.7308,44.9222,73.6003,107.782,65.8559,90.1388,67.0671,57.0088,65.8635,65.307,50.4777,43.0116,54.2033,61.5224,70.7743,57.3149
27.2029,55.5698,21.5407,45.7056,59.4054,51.6624,45.5412,57.3847,9.43398,33.3766,43,32.6956,51.8556,73,68.4763,69.527,67.7422,49.7393,48.2597,18,48.4665,57.8705,60.531,30.0666,45.0444,39.3573,37.5366,35.609,23.0217,23.5372,34.5398,28.2843,16.4012,10.198,0,61.2046,62.2415,83.4506,53.0848,46.1411,61.6847,65.8027,73.7835,72.8354,63.0714,63.3246,55.7315,51.6624,57.0789,24.0832,110.752,67.8823,72.8354,100.344,91.7061,66.6108,69.1158,60.4649,61.8547,55.8659,55.9017,82.0731,87.2067,94.3663,135.37,98.3514,76.1577,103.078,71.8471,77.2334,122.332,79.7559,70.7107,73.4302,75.1532,98.3514,78.0064,110.309,80.6226,94.921,100.658,60.208,56.6127,56.8859,58.1808,36.2491,69.8355,99.985,61.2944,81.3449,58.6003,50.9313,58.6003,57.4543,43.8634,36.7967,47.0106,56.6127,62.6498,52.6972
40.5216,54.2033,55.0818,66.4003,32.6956,37.8021,20.5913,18.7883,53,28,18.6815,54.1202,44.8219,51.6624,61.7171,40.7922,30.1496,26.9072,13,43.2897,58.7282,65.9469,76.3806,67.7791,74.6257,52.4309,38.5876,45.2769,64.56,38,30.0832,34.2053,51.6236,63.1981,61.2046,0,43.8634,55.0818,75.2861,51.6624,66.4003,52.8015,60.7454,46.8722,22.3607,12,7.2111,13.6015,8.94427,46.8402,164.596,121.202,125.67,157.889,149.893,123.13,126.811,117.652,111.14,110.168,92.957,133.843,129.958,136.883,184.253,149.375,135.595,157.42,120.416,128.503,173.738,137.568,123.879,131.552,134.201,151.238,134.078,161.895,132.883,145.437,154.305,112.699,113.547,93.6056,102.903,84.9706,128.082,144.309,118.596,121.083,103.73,105.849,109.179,105.816,98.2344,92.9731,99.3177,113.547,109,110.368
35.805,15.2971,43.0116,35,11.1803,11.1803,30,25.0799,53.1507,41.2311,45,33.541,11.1803,11.1803,18.0278,10,18.0278,20,40.3113,51.4782,25,26.9258,38.0789,47.4342,45,26.9258,25,27.0185,49.1935,44.7214,33.8378,51.2445,45.9674,57.0088,62.2415,43.8634,0,21.2132,40.7922,20.6155,25.5539,8.94427,17.2627,10.8167,22.8035,33.2866,37.9473,32.7567,50,38.1838,172.743,130.115,135.074,161.012,152.053,128.316,130.25,122.025,123.693,118.089,113.177,144.312,147.828,155.039,197.568,160.59,135.624,165.012,133.686,139.445,184.556,140.602,132.944,134.201,135.093,160.527,139.703,172.54,142.864,157.137,162.733,122.43,118.343,114.061,118.714,97.2008,130.602,161.236,122.788,140.801,119.281,113.137,120.615,119.017,106.104,98.9949,109.124,118.343,123.81,114.215
56.8507,32.311,64.0312,52.2015,26.9258,32.0156,47.4342,38.3275,74.3303,60.4152,61.8466,54.0833,32.0156,11.1803,25,15.8114,25,38.0789,55.9017,72.111,42.72,40.3113,50,67.082,61.8466,47.1699,46.0977,48.1664,69.6419,65.192,53.7122,70.6824,67.1789,78.1025,83.4506,55.0818,21.2132,0,55.4437,40.3113,37.054,20.2485,18.1108,10.8167,33.0151,43.1045,51.0882,47.676,63.0079,59.397,193.933,151.327,156.285,182.003,173.003,149.482,151.344,143.178,144.81,139.302,133.6,165.517,168.68,175.889,218.753,181.794,156.474,186.196,154.797,160.639,205.769,161.645,154.156,155.242,156.013,181.739,160.863,193.752,164.073,178.331,183.935,143.628,139.517,134.462,139.617,118.229,151.648,182.2,143.934,161.447,140.207,134.35,141.767,140.089,127.311,120.208,130.3,139.517,144.807,135.37
41.5933,25.4951,33.3766,9.43398,48.4665,39.3573,55.1725,58.8303,48.2597,56.6039,66.4003,25.0799,32.6956,45.0444,30.8058,50.636,57.8705,48.8262,65.7951,55.0818,17,15.1327,8.60233,23.5372,9.43398,23.4307,37.5366,31.4006,30.2655,52,49.4065,62.2415,40.6079,43.2897,53.0848,75.2861,40.7922,55.4437,0,23.8537,18.6815,36,38.0789,49.0408,59.9333,68.2642,68.1175,61.7171,77.7946,37.3363,152.053,113.146,118.072,136.781,127.562,108.227,108.467,101.872,110.725,101.553,108.78,127.475,137.568,144.516,180.247,143.265,110.535,144.267,120.333,123.438,165.593,117.614,115.836,111.4,110.752,141.51,118.983,154.019,125.706,140.471,142.836,107.019,98.9798,109.772,109.385,87.8635,108.005,149.121,102.396,132.91,109.636,96.6644,106.977,107.205,91.1811,83.5703,95.5196,98.9798,112.929,94.5145
24.0208,9.43398,25,15.8114,25.4951,15.8114,32.0156,34.9857,38.0789,36.4005,44.7214,14.1421,10,29.1548,22.3607,30.4138,35.3553,25,43.0116,40.3113,7.07107,15.8114,25,26.9258,25.4951,7.07107,15.8114,12.0416,29.4109,35,28.4605,44.2832,29.9666,39.0512,46.1411,51.6624,20.6155,40.3113,23.8537,0,18.1108,20.6155,27.8029,31.0161,36.4005,44.4185,44.5533,38.1838,54.8179,23.0868,154.871,113.071,118.068,142.127,133.06,110.318,111.803,103.947,107.912,101.045,100.568,127.44,133.297,140.471,180.854,143.68,116.4,147.085,117.886,122.801,167.26,121.918,115.884,115.521,116.039,143.087,121.622,155.322,125.877,140.417,145.041,105.802,100.449,101.514,104.202,82.2982,111.946,146.123,104.652,127.122,104.657,96.0469,104.561,103.586,89.4036,82.0061,92.9139,100.449,108.784,96.1769
42.0119,12.2066,40.1622,18.3848,35.4683,28.6007,48.3011,48.1664,54.5711,54.3415,62.0322,29.1204,21.6333,27.1662,12.1655,34.5398,43.566,39.6611,59.4811,58.0775,13.3417,4.24264,13.1529,36.2353,26.4197,23.1948,33.7343,30.0167,41.3401,53.0377,46.3249,62.3939,46.3249,53.2259,61.6847,66.4003,25.5539,37.054,18.6815,18.1108,0,18.6815,19.4165,31.7805,47.5079,57.28,59.6406,53.535,70.8308,40.3113,166.964,126.479,131.469,152.735,143.544,122.613,123.434,116.211,122.544,114.586,117.175,140.901,148.647,155.756,194.165,156.984,126.59,159.154,132.412,136.528,180,133.056,129.248,126.732,126.574,155.801,133.686,168.217,139.23,153.938,157.433,119.708,113.004,118.14,119.775,97.8621,123.24,160.997,116.825,143.024,120.154,109.604,119,118.533,103.446,95.8801,107.355,113.004,123.976,108.6
40.7185,12.083,45.2769,32.0156,20.1246,18.0278,38.2099,34.0147,57.1402,48.3735,53.1507,34.7131,14.3178,9.21954,9.21954,16.1245,26.1725,28.2843,48.8365,57.0088,22.4722,21.095,31.7805,47.0106,41.7732,27.6586,30.0832,30.2324,50,50.5964,40.6079,58.0517,49.4065,59.4138,65.8027,52.8015,8.94427,20.2485,36,20.6155,18.6815,0,9.05539,13.1529,31.6228,42.19,46.8188,41.4849,58.8218,41.8808,175.362,133.304,138.293,162.742,153.675,130.817,132.382,124.459,127.64,121.264,118.596,147.628,152.463,159.665,201.02,163.893,137.004,167.586,137.637,142.902,187.609,142.524,136.125,136.125,136.653,163.466,142.144,175.642,146.103,160.562,165.487,125.877,120.917,119.507,123.309,101.548,132.548,165.593,125.176,145.825,123.822,116.276,124.403,123.146,109.481,102.176,112.801,120.917,128.16,116.675
49.3964,18.4391,52.8015,36.2353,28.1603,27.074,47.0956,42.0595,65.3682,57.4282,62.0725,41.8688,23.0868,10.6301,7.28011,21.4009,32.45,37.1214,57.5587,65.7875,27.8029,23.0868,32.0624,52.8015,45.31,34.8281,38.8973,38.4708,56.5862,59.4811,49.6488,67.082,57.4543,66.8431,73.7835,60.7454,17.2627,18.1108,38.0789,27.8029,19.4165,9.05539,0,16.2788,38.9102,49.6588,55.0818,50.01,67.1863,50.1199,182.521,140.869,145.866,169.331,160.206,137.975,139.302,131.59,135.624,128.845,127.236,155.242,160.751,167.943,208.655,171.479,143.402,174.725,145.609,150.602,195.021,149.282,143.68,142.899,143.178,170.836,149.241,183.096,153.675,168.22,172.743,133.6,128.144,128.156,131.609,109.772,139.345,173.738,132.276,154.289,132.098,123.847,132.31,131.229,117.201,109.809,120.673,128.144,136.341,123.843
46.0977,24.1868,53.8238,44.4072,16.4924,21.2603,37.108,29.0172,63.6553,49.7695,51.788,44.2945,21.9545,5.65685,21.0238,6.08276,17.088,27.5136,46.1736,61.2944,34.5254,34.2345,44.911,57.9396,54.3323,37.5766,35.3836,37.8021,59.9416,54.3783,42.9418,60.0083,56.6392,67.8012,72.8354,46.8722,10.8167,10.8167,49.0408,31.0161,31.7805,13.1529,16.2788,0,24.5153,35.171,42.107,38.0526,54.231,48.8365,183.448,140.716,145.664,171.82,162.865,139.054,141.032,132.774,134.063,128.701,122.801,154.871,157.867,165.076,208.062,171.143,146.441,175.727,144.045,149.967,195.167,151.4,143.544,145,145.908,171.172,150.446,183.142,153.444,167.657,173.416,132.966,129.074,123.665,128.81,107.448,141.4,171.4,133.544,150.632,129.402,123.762,131.046,129.321,116.675,109.622,119.604,129.074,134.015,124.964
36.6879,35.805,49.4975,52.2015,12.0416,20.6155,18.4391,6.40312,53.7122,32.5576,30.4138,44.1022,27.2947,29.4109,40.8044,18.4391,8.06226,14.1421,23.7697,47.4342,42.9535,48.0104,59.0762,59.0762,61.6847,39.8121,29.0689,35.0143,58.1378,40.4969,28.6531,42.45,49.0408,61.4003,63.0714,22.3607,22.8035,33.0151,59.9333,36.4005,47.5079,31.6228,38.9102,24.5153,0,10.7703,18.1108,15.6525,30,41.9762,172.534,129.035,133.81,163.294,154.738,129.139,132.004,123.167,120.615,117.324,105.891,142.611,142.271,149.402,194.826,158.673,139.205,165.024,130.384,137.437,183.044,142.706,131.826,136.418,138.224,159.615,140.46,171.026,141.4,154.932,162.29,120.801,119.202,106.668,113.846,93.723,132.834,156.311,124.036,134.183,114.56,112.606,118.068,115.521,105.119,98.7927,107.201,119.202,119.553,115.486
39.0128,45.2769,53.0848,59.9416,22.2036,29.2062,18.1108,9.43398,54.3415,30.4631,24.7588,49.7293,36.2353,40.1622,51.3128,29.1204,18.2483,19.6977,17.6918,46.2385,51.3128,57.3847,68.2495,64.3273,68.942,46.6154,33.9559,40.5216,62.2896,39.8497,29.2746,39.1152,51.1566,63.3877,63.3246,12,33.2866,43.1045,68.2642,44.4185,57.28,42.19,49.6588,35.171,10.7703,0,10,11.7047,20.3961,45.0111,170.47,126.909,131.548,162.459,154.156,127.91,131.183,122.156,117.644,115.486,101.119,140.064,137.931,144.972,191.471,155.901,139.176,163.11,127.201,134.792,180.314,141.947,129.653,135.772,137.993,157.305,139.086,168.363,138.975,152.053,160.181,118.512,118.106,101.833,110.114,90.9725,132.231,152.161,123.065,129.418,110.887,110.941,115.378,112.414,103.354,97.509,104.957,118.106,116.039,114.634
33.7343,47.4342,48.2701,59.203,26.9258,31.0644,13.4164,13.1529,47.1699,22.3607,15,46.9574,38.0132,46.5296,55.5428,36.0555,26.1725,20,8.06226,38.0789,51.6236,59.0339,69.3542,60.7454,67.4166,45.2217,31.3847,38.0789,57.7235,32.249,23.3452,29.9666,45.1774,57.0088,55.7315,7.2111,37.9473,51.0882,68.1175,44.5533,59.6406,46.8188,55.0818,42.107,18.1108,10,0,6.40312,12.1655,40.025,161.245,117.72,122.299,153.769,145.602,119.101,122.56,113.464,108.167,106.438,91.2195,130.698,128.082,135.104,181.816,146.441,130.943,153.951,117.644,125.399,170.848,133.33,120.441,127.224,129.653,148.003,130.188,158.928,129.653,142.562,150.95,109.275,109.385,91.9239,100.424,81.6333,123.713,142.341,114.39,119.503,101.213,101.98,106,102.903,94.3716,88.7694,95.7706,109.385,106.4,106.042
28.1603,41.3401,42.5793,52.8015,22.0907,25.0599,7.28011,9.48683,42.7551,18.7883,14.7648,40.7185,31.9061,42.0476,49.98,32.1403,23.4094,13.8924,8.24621,34.5398,45.2548,52.8015,63.0317,54.7083,61.0574,38.833,25.0599,31.7648,51.9711,28.1603,18,27.8029,40,52.0865,51.6624,13.6015,32.7567,47.676,61.7171,38.1838,53.535,41.4849,50.01,38.0526,15.6525,11.7047,6.40312,0,17.4642,34.3657,159,115.434,120.108,150.791,142.468,116.276,119.507,110.494,106.4,103.942,90.6863,128.705,127.287,134.38,180.405,144.617,127.472,151.605,116.039,123.458,169.027,130.269,118.191,124.085,126.289,145.89,127.475,157.051,127.581,140.801,148.718,107.07,106.452,91.4385,99.1564,79.6304,120.54,141.428,111.4,119.004,99.905,99.363,104.043,101.213,91.7878,85.8662,93.4933,106.452,104.995,102.956
39.8246,58.6686,54.1295,68.593,39.0512,42.4853,22.8035,25.318,49.6488,25.2982,14.3178,55,49.2443,58.6941,67.4166,48.1664,38.0132,31.305,12.0416,39.1152,61.8466,69.8928,79.8123,67.6018,76.0592,54.4518,40.3113,46.7547,63.561,34.9285,29.6816,29.0172,49.6488,60.4152,57.0789,8.94427,50,63.0079,77.7946,54.8179,70.8308,58.8218,67.1863,54.231,30,20.3961,12.1655,17.4642,0,46.0652,157.442,114.237,118.596,151.476,143.68,116.692,120.603,111.4,103.769,103.465,84.8116,126.562,121.824,128.69,176.4,141.905,129.838,150.376,112.872,121.198,166.208,131.32,116.867,125.419,128.32,144.003,127.472,154.434,125.674,137.928,147.167,105.702,107.28,85.4283,95.1893,78,122.004,136.209,112.361,112.805,96.0417,99.2975,101.98,98.4124,91.7061,86.8332,92.477,107.28,101.356,104.293
6.32456,32.311,8.24621,28.1603,36.2353,27.8029,27.1662,37.2156,15.2643,21.4009,32.45,12.3693,27.8029,48.9183,45.31,45.8039,45.31,27.8927,34.5398,18.1108,27.074,37.054,42.7551,21.6333,32.45,17.1172,13.8924,11.6619,17.72,14.7648,16.7631,25.0599,7.81025,19.6977,24.0832,46.8402,38.1838,59.397,37.3363,23.0868,40.3113,41.8808,50.1199,48.8365,41.9762,45.0111,40.025,34.3657,46.0652,0,134.618,91.9348,96.8969,123.422,114.586,90.2718,92.4175,84.0238,85.8021,79.9062,77.4919,106.151,110.639,117.835,159.452,122.43,98.4886,126.905,95.8019,101.316,146.373,102.903,94.7629,96.5194,97.7548,122.348,101.671,134.358,104.69,119.004,124.579,84.2912,80.2808,78.4347,81.4923,59.6825,92.9139,123.713,84.8116,104.216,81.9878,74.9533,82.6196,81.2712,67.9412,60.8112,71.0634,80.2808,86.2844,76.2168
137.906,164.104,130.115,148.678,170.074,162.373,154.208,166.412,120.104,140.357,146.373,140.73,162.003,183.208,176.309,180.278,178.003,160,153.183,125.1,155.129,162.742,160.655,130.729,142.636,147.801,148.273,145.774,126.063,132.061,144.031,131.37,126.811,115.974,110.752,164.596,172.743,193.933,152.053,154.871,166.964,175.362,182.521,183.448,172.534,170.47,161.245,159,157.442,134.618,0,43.566,38.9487,21.095,28.2843,44.5533,43.6005,50.9313,53.8516,55.2178,76.6877,31.0161,46.5296,43.9659,31.257,18.0278,43.6578,7.81025,45.607,36.4005,15.1327,34.8855,40.8167,40.8167,42.5441,13.6015,33.3017,9.89949,31.7805,22,10.2956,51.9711,54.4518,76.4853,63.6003,79.6492,44.1022,37.1618,50.2494,56.2228,62.6418,60,55.4617,59.2368,67.424,74.027,65.5134,54.4518,57.28,58.6941
94.8472,122.442,88.0909,108.559,126.905,119.52,110.68,122.886,77.1038,96.7988,102.883,99.0202,119.604,140.801,135,137.295,134.629,116.662,109.659,81.6088,114.039,122.332,121.655,90.5539,103.755,106.042,105.38,103.325,85.1469,88.6002,100.603,87.818,84.1724,74.027,67.8823,121.202,130.115,151.327,113.146,113.071,126.479,133.304,140.869,140.716,129.035,126.909,117.72,115.434,114.237,91.9348,43.566,0,5,39.0512,33.3766,10.8167,16.2788,14.1421,13.3417,12.0416,38.6394,14.4222,31.3209,36.3456,67.8012,30.6105,28.4253,36.2353,13.0384,10.4403,54.4518,22.4722,2.82843,20,25.6125,30.6105,15.1327,42.4264,12.8062,27.4591,33.2866,8.544,15.1327,38.833,24.5153,36.2491,19.105,38.1182,14.3178,33.8378,23.5372,17.0294,13.0384,18.0278,24.0832,31.1448,21.9545,15.1327,19.3132,19.4165
